1 20.000000 10 0.000000 37 1.000000 0.000000 1.000000 1.000000 0.547025 0.094771 0.589954
1 20.000000 8569 0.000000 43 1.000000 0.000000 1.000000 1.000000 0.545528 0.095191 0.588790
1 40.000000 10 0.000000 69 1.000000 0.000000 1.000400 1.000400 0.812281 0.041590 0.820089
1 40.000000 8569 0.000000 70 1.000000 0.000000 1.000500 1.000500 0.822894 0.039394 0.829870
1 60.000000 10 0.000500 93 1.000000 0.000000 1.003402 1.003402 0.900004 0.022641 0.902268
1 60.000000 8569 0.000400 93 1.000000 0.000000 1.004002 1.004002 0.889783 0.024944 0.892532
1 80.000000 10 0.003000 113 1.000000 0.000000 1.013440 1.013440 0.924365 0.017360 0.925678
1 80.000000 8569 0.003100 116 1.000000 0.000000 1.015348 1.015348 0.922943 0.017738 0.924310
1 100.000000 10 0.009700 139 1.000000 0.000000 1.035848 1.035848 0.931218 0.016123 0.932327
1 100.000000 8569 0.010000 140 1.000000 0.000000 1.033838 1.033838 0.928430 0.016781 0.929631
1 120.000000 10 0.025200 164 1.000000 0.000000 1.060730 1.060730 0.932055 0.016425 0.933171
1 120.000000 8569 0.026000 163 1.000000 0.000000 1.056776 1.056776 0.933287 0.016129 0.934363
1 140.000000 10 0.044500 177 1.000000 0.000000 1.080900 1.080900 0.933240 0.016615 0.934349
1 140.000000 8569 0.047500 181 1.000000 0.000000 1.079685 1.079685 0.937322 0.015680 0.938304
1 160.000000 10 0.071600 202 1.000000 0.000000 1.106850 1.106850 0.938002 0.016170 0.939004
1 160.000000 8569 0.070700 199 1.000000 0.000000 1.095018 1.095018 0.937669 0.016045 0.938669
1 180.000000 10 0.097400 215 1.000000 0.000000 1.115333 1.115333 0.940669 0.015894 0.941612
1 180.000000 8569 0.093000 225 1.000000 0.000000 1.119515 1.119515 0.939048 0.016345 0.940044
1 200.000000 10 0.124500 232 1.000000 0.000000 1.123587 1.123587 0.942365 0.015911 0.943282
1 200.000000 8569 0.117600 235 1.000000 0.000000 1.122733 1.122733 0.940616 0.016296 0.941583
1 220.000000 10 0.146900 248 1.000000 0.000000 1.134920 1.134920 0.941259 0.016684 0.942239
1 220.000000 8569 0.144300 256 1.000000 0.000000 1.131354 1.131354 0.942485 0.016269 0.943421
1 240.000000 10 0.166300 268 1.000000 0.000000 1.132542 1.132542 0.944162 0.016192 0.945066
1 240.000000 8569 0.162000 282 1.000000 0.000000 1.138425 1.138425 0.945242 0.015877 0.946112
1 260.000000 10 0.188500 277 1.000000 0.000000 1.143438 1.143438 0.945742 0.016120 0.946617
1 260.000000 8569 0.178800 292 1.000000 0.000000 1.139552 1.139552 0.944425 0.016363 0.945334
1 280.000000 10 0.205700 293 1.000000 0.000000 1.147174 1.147174 0.945912 0.016382 0.946798
1 280.000000 8569 0.199000 295 1.000000 0.000000 1.149064 1.149064 0.946208 0.016241 0.947082
1 300.000000 10 0.220000 311 1.000000 0.000000 1.160000 1.160000 0.947824 0.016203 0.948670
1 300.000000 8569 0.216600 310 1.000000 0.000000 1.142201 1.142201 0.947073 0.016178 0.947930
1 320.000000 10 0.242300 322 1.000000 0.000000 1.154415 1.154415 0.948038 0.016396 0.948890
1 320.000000 8569 0.239900 333 1.000000 0.000000 1.151296 1.151296 0.947867 0.016362 0.948720
1 340.000000 10 0.254800 326 1.000000 0.000000 1.154858 1.154858 0.948971 0.016315 0.949804
1 340.000000 8569 0.252600 335 1.000000 0.000000 1.149318 1.149318 0.949285 0.016082 0.950100
1 360.000000 10 0.270200 345 1.000000 0.000000 1.157166 1.157166 0.949878 0.016328 0.950696
1 360.000000 8569 0.262500 338 1.000000 0.000000 1.156746 1.156746 0.950306 0.016036 0.951102
1 380.000000 10 0.289200 351 1.000000 0.000000 1.157850 1.157850 0.950305 0.016368 0.951118
1 380.000000 8569 0.277600 365 1.000000 0.000000 1.157254 1.157254 0.949806 0.016463 0.950633
1 400.000000 10 0.294300 368 1.000000 0.000000 1.154031 1.154031 0.950023 0.016526 0.950849
1 400.000000 8569 0.288900 362 1.000000 0.000000 1.152159 1.152159 0.949832 0.016514 0.950661
1 420.000000 10 0.309600 372 1.000000 0.000000 1.163528 1.163528 0.951554 0.016322 0.952345
1 420.000000 8569 0.301800 383 1.000000 0.000000 1.158121 1.158121 0.951276 0.016240 0.952067
1 440.000000 10 0.324100 394 1.000000 0.000000 1.162450 1.162450 0.953019 0.016073 0.953775
1 440.000000 8569 0.312700 392 1.000000 0.000000 1.160338 1.160338 0.952237 0.016157 0.953009
1 460.000000 10 0.331000 394 1.000000 0.000000 1.162930 1.162930 0.952562 0.016310 0.953335
1 460.000000 8569 0.325700 392 1.000000 0.000000 1.164912 1.164912 0.951460 0.016688 0.952270
1 480.000000 10 0.344400 403 1.000000 0.000000 1.160311 1.160311 0.952777 0.016404 0.953551
1 480.000000 8569 0.333500 409 1.000000 0.000000 1.158290 1.158290 0.951802 0.016620 0.952603
1 500.000000 10 0.354300 417 1.000000 0.000000 1.158123 1.158123 0.952460 0.016663 0.953252
1 500.000000 8569 0.344700 414 1.000000 0.000000 1.154586 1.154586 0.953013 0.016322 0.953780
1 520.000000 10 0.366000 425 1.000000 0.000000 1.160410 1.160410 0.952476 0.016753 0.953272
1 520.000000 8569 0.351800 427 1.000000 0.000000 1.152731 1.152731 0.952328 0.016656 0.953122
1 540.000000 10 0.372000 430 1.000000 0.000000 1.166561 1.166561 0.954654 0.016280 0.955392
1 540.000000 8569 0.365800 436 1.000000 0.000000 1.149953 1.149953 0.953114 0.016458 0.953885
1 560.000000 10 0.376200 462 1.000000 0.000000 1.162392 1.162392 0.954137 0.016530 0.954896
1 560.000000 8569 0.373100 444 1.000000 0.000000 1.158239 1.158239 0.952719 0.016766 0.953511
1 580.000000 10 0.383000 454 1.000000 0.000000 1.154781 1.154781 0.954543 0.016256 0.955282
1 580.000000 8569 0.382200 448 1.000000 0.000000 1.155390 1.155390 0.953820 0.016577 0.954585
1 600.000000 10 0.398700 455 1.000000 0.000000 1.157991 1.157991 0.954293 0.016532 0.955049
1 600.000000 8569 0.390100 454 1.000000 0.000000 1.163469 1.163469 0.954145 0.016649 0.954908
1 620.000000 10 0.406100 466 1.000000 0.000000 1.153056 1.153056 0.955041 0.016427 0.955779
1 620.000000 8569 0.396900 467 1.000000 0.000000 1.164981 1.164981 0.953805 0.016919 0.954587
1 640.000000 10 0.407900 478 1.000000 0.000000 1.155717 1.155717 0.955705 0.016297 0.956427
1 640.000000 8569 0.399800 470 1.000000 0.000000 1.150450 1.150450 0.954151 0.016723 0.954918
1 660.000000 10 0.415800 492 1.000000 0.000000 1.162273 1.162273 0.955537 0.016482 0.956270
1 660.000000 8569 0.406000 478 1.000000 0.000000 1.152357 1.152357 0.954528 0.016628 0.955284
1 680.000000 10 0.428700 488 1.000000 0.000000 1.157185 1.157185 0.957254 0.015980 0.957938
1 680.000000 8569 0.420000 489 1.000000 0.000000 1.156034 1.156034 0.955473 0.016527 0.956209
1 700.000000 10 0.427400 491 1.000000 0.000000 1.154558 1.154558 0.956664 0.016189 0.957366
1 700.000000 8569 0.420300 492 1.000000 0.000000 1.150768 1.150768 0.954621 0.016749 0.955381
1 720.000000 10 0.436400 533 1.000000 0.000000 1.164301 1.164301 0.955839 0.016652 0.956574
1 720.000000 8569 0.432000 514 1.000000 0.000000 1.161268 1.161268 0.956537 0.016363 0.957248
1 740.000000 10 0.444300 533 1.000000 0.000000 1.163218 1.163218 0.955989 0.016588 0.956719
1 740.000000 8569 0.431300 525 1.000000 0.000000 1.164058 1.164058 0.956557 0.016450 0.957271
1 760.000000 10 0.449400 541 1.000000 0.000000 1.158191 1.158191 0.956501 0.016545 0.957221
1 760.000000 8569 0.442200 529 1.000000 0.000000 1.159018 1.159018 0.955360 0.016872 0.956113
1 780.000000 10 0.455300 539 1.000000 0.000000 1.161557 1.161557 0.957539 0.016260 0.958229
1 780.000000 8569 0.448000 528 1.000000 0.000000 1.158333 1.158333 0.956206 0.016698 0.956937
1 800.000000 10 0.456700 532 1.000000 0.000000 1.151114 1.151114 0.956351 0.016544 0.957073
1 800.000000 8569 0.452000 534 1.000000 0.000000 1.157482 1.157482 0.956149 0.016828 0.956887
1 820.000000 10 0.468700 543 1.000000 0.000000 1.158856 1.158856 0.957380 0.016421 0.958080
1 820.000000 8569 0.465700 555 1.000000 0.000000 1.158899 1.158899 0.957579 0.016465 0.958278
1 840.000000 10 0.472700 561 1.000000 0.000000 1.153992 1.153992 0.957293 0.016385 0.957993
1 840.000000 8569 0.468000 545 1.000000 0.000000 1.145677 1.145677 0.957149 0.016516 0.957857
1 860.000000 10 0.473800 558 1.000000 0.000000 1.155454 1.155454 0.957089 0.016615 0.957802
1 860.000000 8569 0.473700 551 1.000000 0.000000 1.150675 1.150675 0.958386 0.016069 0.959055
1 880.000000 10 0.482700 562 1.000000 0.000000 1.152909 1.152909 0.956740 0.016643 0.957460
1 880.000000 8569 0.474300 570 1.000000 0.000000 1.154080 1.154080 0.957080 0.016710 0.957797
1 900.000000 10 0.487000 584 1.000000 0.000000 1.154191 1.154191 0.959037 0.016063 0.959695
1 900.000000 8569 0.483700 573 1.000000 0.000000 1.144296 1.144296 0.957044 0.016694 0.957762
1 920.000000 10 0.486800 585 1.000000 0.000000 1.147506 1.147506 0.957887 0.016375 0.958577
1 920.000000 8569 0.486900 584 1.000000 0.000000 1.157669 1.157669 0.957775 0.016686 0.958480
1 940.000000 10 0.494100 584 1.000000 0.000000 1.153785 1.153785 0.958323 0.016307 0.959002
1 940.000000 8569 0.494800 587 1.000000 0.000000 1.146873 1.146873 0.957481 0.016686 0.958191
1 960.000000 10 0.497500 594 1.000000 0.000000 1.154826 1.154826 0.958767 0.016249 0.959437
1 960.000000 8569 0.495900 595 1.000000 0.000000 1.151359 1.151359 0.957702 0.016769 0.958411
1 980.000000 10 0.497500 599 1.000000 0.000000 1.149453 1.149453 0.958027 0.016475 0.958719
1 980.000000 8569 0.500600 594 1.000000 0.000000 1.153184 1.153184 0.957596 0.016725 0.958305
1 1000.000000 10 0.507000 607 1.000000 0.000000 1.155781 1.155781 0.957716 0.016637 0.958420
1 1000.000000 8569 0.507800 600 1.000000 0.000000 1.148517 1.148517 0.957711 0.016680 0.958417
4 80.000000 10 0.000000 110 1.000000 0.000000 1.000000 1.000000 1.000000 -0.116596 1.000000
4 80.000000 8569 0.000000 111 1.000000 0.000000 1.000000 1.000000 1.000000 -0.167378 1.000000
4 160.000000 10 0.000000 191 1.000000 0.000000 1.000000 1.000000 1.000000 -0.774603 1.000000
4 160.000000 8569 0.000000 204 1.000000 0.000000 1.000000 1.000000 1.000000 -0.885470 1.000000
4 240.000000 10 0.000000 281 1.000000 0.000000 1.000000 1.000000 1.000000 -0.990632 1.000000
4 240.000000 8569 0.000000 293 1.000000 0.000000 1.000000 1.000000 1.000000 -0.902097 1.000000
4 320.000000 10 0.000000 372 1.000000 0.000000 1.000000 1.000000 1.000000 -1.012738 1.000000
4 320.000000 8569 0.000000 374 1.000000 0.000000 1.000000 1.000000 1.000000 -0.857575 1.000000
4 400.000000 10 0.000000 453 1.001100 0.000000 1.001100 1.001100 1.000000 -0.815884 1.000000
4 400.000000 8569 0.000000 449 1.000000 0.000000 1.000100 1.000100 1.000000 -0.870035 1.000000
4 480.000000 10 0.001200 543 1.007709 0.000000 1.010212 1.010212 1.000000 -0.849999 1.000000
4 480.000000 8569 0.000500 530 1.006603 0.000000 1.008004 1.008004 1.000000 -0.781376 1.000000
4 560.000000 10 0.007500 650 1.018841 0.000000 1.024987 1.024987 1.000000 -1.010361 1.000000
4 560.000000 8569 0.005800 626 1.021123 0.000000 1.026956 1.026956 1.000000 -0.769911 1.000000
4 640.000000 10 0.021000 753 1.047395 0.000000 1.060368 1.060368 1.000000 -0.812499 1.000000
4 640.000000 8569 0.016400 739 1.046767 0.000000 1.059882 1.059882 1.000000 -0.969324 1.000000
4 720.000000 10 0.035900 860 1.069080 0.000000 1.086817 1.086817 1.000000 -0.901233 1.000000
4 720.000000 8569 0.033600 808 1.062086 0.000000 1.077815 1.077815 1.000000 -0.898202 1.000000
4 800.000000 10 0.054900 913 1.078087 0.000000 1.101894 1.101894 1.000000 -0.843536 1.000000
4 800.000000 8569 0.052300 910 1.072069 0.000000 1.096127 1.096127 1.000000 -0.791043 1.000000
4 880.000000 10 0.078600 990 1.090406 0.000000 1.114174 1.114174 1.000000 -0.815067 1.000000
4 880.000000 8569 0.075500 979 1.089237 0.000000 1.114116 1.114116 1.000000 -0.896295 1.000000
4 960.000000 10 0.094700 1035 1.092345 0.000000 1.120733 1.120733 1.000000 -0.867131 1.000000
4 960.000000 8569 0.095600 1031 1.093432 0.000000 1.123728 1.123728 1.000000 -1.175436 1.000000
4 1040.000000 10 0.112800 1118 1.099527 0.000000 1.129396 1.129396 1.000000 -0.905981 1.000000
4 1040.000000 8569 0.109000 1085 1.097868 0.000000 1.126824 1.126824 1.000000 -0.840907 1.000000
4 1120.000000 10 0.132600 1168 1.101107 0.000000 1.128891 1.128891 1.000000 -1.101693 1.000000
4 1120.000000 8569 0.128900 1162 1.096889 0.000000 1.129721 1.129721 1.000000 -0.827867 1.000000
4 1200.000000 10 0.147700 1228 1.099378 0.000000 1.130001 1.130001 1.000000 -1.037733 1.000000
4 1200.000000 8569 0.142900 1213 1.103372 0.000000 1.137907 1.137907 1.000000 -0.796608 1.000000
4 1280.000000 10 0.166500 1281 1.107978 0.000000 1.141092 1.141092 1.000000 -0.916664 1.000000
4 1280.000000 8569 0.162800 1276 1.107023 0.000000 1.144529 1.144529 1.000000 -0.720719 1.000000
4 1360.000000 10 0.180700 1338 1.107043 0.000000 1.142073 1.142073 1.000000 -1.179772 1.000000
4 1360.000000 8569 0.173800 1331 1.104454 0.000000 1.137981 1.137981 1.000000 -0.707963 1.000000
4 1440.000000 10 0.197900 1377 1.114076 0.000000 1.149358 1.149358 1.000000 -0.852270 1.000000
4 1440.000000 8569 0.191000 1363 1.106057 0.000000 1.140420 1.140420 1.000000 -0.686273 1.000000
4 1520.000000 10 0.206200 1432 1.107962 0.000000 1.142101 1.142101 1.000000 -0.944442 1.000000
4 1520.000000 8569 0.195800 1407 1.107063 0.000000 1.142004 1.142004 1.000000 -0.841120 1.000000
4 1600.000000 10 0.217900 1483 1.110344 0.000000 1.146784 1.146784 1.000000 -0.789472 1.000000
4 1600.000000 8569 0.213300 1461 1.108809 0.000000 1.144782 1.144782 1.000000 -0.902171 1.000000
4 1680.000000 10 0.236000 1528 1.113613 0.000000 1.150393 1.150393 1.000000 -0.951804 1.000000
4 1680.000000 8569 0.229300 1519 1.114701 0.000000 1.148826 1.148826 1.000000 -0.884208 1.000000
4 1760.000000 10 0.242300 1578 1.114953 0.000000 1.152039 1.152039 1.000000 -0.808216 1.000000
4 1760.000000 8569 0.238300 1549 1.113430 0.000000 1.146646 1.146646 1.000000 -0.892155 1.000000
4 1840.000000 10 0.253000 1581 1.111780 0.000000 1.146720 1.146720 1.000000 -0.860463 1.000000
4 1840.000000 8569 0.252900 1592 1.112033 0.000000 1.145228 1.145228 1.000000 -0.831458 1.000000
4 1920.000000 10 0.268400 1646 1.111673 0.000000 1.147485 1.147485 1.000000 -0.928568 1.000000
4 1920.000000 8569 0.258500 1606 1.107485 0.000000 1.137289 1.137289 1.000000 -0.813951 1.000000
4 2000.000000 10 0.272600 1691 1.116992 0.000000 1.153011 1.153011 1.000000 -0.810124 1.000000
4 2000.000000 8569 0.269000 1651 1.108892 0.000000 1.150205 1.150205 1.000000 -0.799998 1.000000
4 2080.000000 10 0.288200 1708 1.118994 0.000000 1.153133 1.153133 1.000000 -0.841461 1.000000
4 2080.000000 8569 0.279000 1692 1.110957 0.000000 1.149792 1.149792 1.000000 -0.724488 1.000000
4 2160.000000 10 0.294000 1738 1.105382 0.000000 1.144901 1.144901 1.000000 -0.872091 1.000000
4 2160.000000 8569 0.290600 1743 1.108824 0.000000 1.146603 1.146603 1.000000 -0.524389 1.000000
4 2240.000000 10 0.300500 1757 1.110079 0.000000 1.142959 1.142959 1.000000 -0.969693 1.000000
4 2240.000000 8569 0.296600 1781 1.103782 0.000000 1.138328 1.138328 1.000000 -0.764043 1.000000
4 2320.000000 10 0.313600 1812 1.113928 0.000000 1.150641 1.150641 1.000000 -0.738093 1.000000
4 2320.000000 8569 0.307400 1805 1.108576 0.000000 1.144817 1.144817 1.000000 -0.767121 1.000000
4 2400.000000 10 0.318500 1809 1.104622 0.000000 1.139839 1.139839 1.000000 -0.905403 1.000000
4 2400.000000 8569 0.310100 1830 1.112915 0.000000 1.149877 1.149877 1.000000 -0.730767 1.000000
4 2480.000000 10 0.328200 1863 1.114766 0.000000 1.152873 1.152873 1.000000 -0.892304 1.000000
4 2480.000000 8569 0.320500 1848 1.109492 0.000000 1.140986 1.140986 1.000000 -0.704544 1.000000
4 2560.000000 10 0.333700 1904 1.106709 0.000000 1.142428 1.142428 1.000000 -1.070171 1.000000
4 2560.000000 8569 0.328500 1861 1.106180 0.000000 1.140283 1.140283 1.000000 -0.814283 1.000000
4 2640.000000 10 0.342600 1923 1.106632 0.000000 1.141618 1.141618 1.000000 -0.885711 1.000000
4 2640.000000 8569 0.332900 1887 1.101634 0.000000 1.138210 1.138210 1.000000 -0.609754 1.000000
4 2720.000000 10 0.347500 1947 1.107433 0.000000 1.139004 1.139004 1.000000 -0.855070 1.000000
4 2720.000000 8569 0.342900 1900 1.101202 0.000000 1.136661 1.136661 1.000000 -0.840577 1.000000
4 2800.000000 10 0.355900 1990 1.108368 0.000000 1.145164 1.145164 1.000000 -0.985711 1.000000
4 2800.000000 8569 0.350900 1967 1.099060 0.000000 1.134032 1.134032 1.000000 -0.654760 1.000000
4 2880.000000 10 0.363700 1995 1.104196 0.000000 1.137828 1.137828 1.000000 -0.581079 1.000000
4 2880.000000 8569 0.351800 2018 1.105986 0.000000 1.140697 1.140697 1.000000 -0.702701 1.000000
4 2960.000000 10 0.367000 1999 1.103318 0.000000 1.137599 1.137599 1.000000 -0.924239 1.000000
4 2960.000000 8569 0.365300 2026 1.100677 0.000000 1.137073 1.137073 1.000000 -0.703702 1.000000
4 3040.000000 10 0.377900 2064 1.101752 0.000000 1.136955 1.136955 1.000000 -0.838707 1.000000
4 3040.000000 8569 0.367500 2042 1.100237 0.000000 1.134071 1.134071 1.000000 -0.819442 1.000000
4 3120.000000 10 0.382100 2064 1.094676 0.000000 1.133193 1.133193 1.000000 -0.838707 1.000000
4 3120.000000 8569 0.372400 2054 1.101338 0.000000 1.134959 1.134959 1.000000 -0.634145 1.000000
4 3200.000000 10 0.390500 2082 1.105004 0.000000 1.138638 1.138638 1.000000 -1.013886 1.000000
4 3200.000000 8569 0.378300 2080 1.101174 0.000000 1.133505 1.133505 1.000000 -0.840577 1.000000
4 3280.000000 10 0.393700 2100 1.102754 0.000000 1.135247 1.135247 1.000000 -0.984845 1.000000
4 3280.000000 8569 0.383200 2099 1.096141 0.000000 1.125324 1.125324 1.000000 -0.849313 1.000000
4 3360.000000 10 0.400700 2108 1.094444 0.000000 1.132488 1.132488 1.000000 -0.924240 1.000000
4 3360.000000 8569 0.391700 2139 1.097156 0.000000 1.130199 1.130199 1.000000 -0.810124 1.000000
4 3440.000000 10 0.408000 2130 1.096622 0.000000 1.133953 1.133953 1.000000 -0.890622 1.000000
4 3440.000000 8569 0.397800 2137 1.095649 0.000000 1.126536 1.126536 1.000000 -0.769228 1.000000
4 3520.000000 10 0.405700 2166 1.097426 0.000000 1.128555 1.128555 1.000000 -0.869563 1.000000
4 3520.000000 8569 0.401200 2145 1.087842 0.000000 1.118236 1.118236 1.000000 -0.705126 1.000000
4 3600.000000 10 0.412200 2157 1.093569 0.000000 1.123341 1.123341 1.000000 -0.885243 1.000000
4 3600.000000 8569 0.401400 2168 1.090043 0.000000 1.119779 1.119779 1.000000 -0.760561 1.000000
4 3680.000000 10 0.414900 2165 1.095026 0.000000 1.124252 1.124252 1.000000 -0.772725 1.000000
4 3680.000000 8569 0.412700 2191 1.093819 0.000000 1.126000 1.126000 1.000000 -0.636362 1.000000
4 3760.000000 10 0.420800 2206 1.096340 0.000000 1.127072 1.127072 1.000000 -0.846151 1.000000
4 3760.000000 8569 0.417200 2186 1.096774 0.000000 1.124743 1.124743 1.000000 -0.828569 1.000000
4 3840.000000 10 0.424400 2190 1.092252 0.000000 1.117964 1.117964 1.000000 -0.742855 1.000000
4 3840.000000 8569 0.420300 2219 1.091082 0.000000 1.120062 1.120062 1.000000 -0.809521 1.000000
4 3920.000000 10 0.428800 2194 1.087710 0.000000 1.120973 1.120973 1.000000 -0.933330 1.000000
4 3920.000000 8569 0.422900 2246 1.091839 0.000000 1.121989 1.121989 1.000000 -0.742855 1.000000
4 4000.000000 10 0.434900 2207 1.089896 0.000000 1.119271 1.119271 1.000000 -1.127269 1.000000
4 4000.000000 8569 0.431200 2294 1.094585 0.000000 1.124473 1.124473 1.000000 -0.499999 1.000000
7 140.000000 10 0.000000 176 1.000000 0.000000 1.000000 1.000000 1.000000 -0.104742 1.000000
7 140.000000 8569 0.000000 182 1.000000 0.000000 1.000000 1.000000 1.000000 -0.074022 1.000000
7 280.000000 10 0.000000 328 1.000000 0.000000 1.000000 1.000000 1.000000 -0.079235 1.000000
7 280.000000 8569 0.000000 336 1.000000 0.000000 1.000000 1.000000 1.000000 -0.055605 1.000000
7 420.000000 10 0.000000 470 1.000000 0.000000 1.000000 1.000000 1.000000 -0.119867 1.000000
7 420.000000 8569 0.000000 468 1.000000 0.000000 1.000000 1.000000 1.000000 -0.035126 1.000000
7 560.000000 10 0.000000 629 1.000000 0.000000 1.000000 1.000000 1.000000 -0.189258 1.000000
7 560.000000 8569 0.000000 606 1.000000 0.000000 1.000000 1.000000 1.000000 -0.216898 1.000000
7 700.000000 10 0.000000 773 1.000000 0.000000 1.000000 1.000000 1.000000 -0.246223 1.000000
7 700.000000 8569 0.000000 758 1.000000 0.000000 1.000000 1.000000 1.000000 -0.223101 1.000000
7 840.000000 10 0.000000 914 1.000700 0.000000 1.000700 1.000700 1.000000 -0.242958 1.000000
7 840.000000 8569 0.000000 900 1.000000 0.000000 1.000000 1.000000 1.000000 -0.207477 1.000000
7 980.000000 10 0.001200 1089 1.010813 0.000000 1.012815 1.012815 1.000000 -0.246862 1.000000
7 980.000000 8569 0.001500 1064 1.008212 0.000000 1.009314 1.009314 1.000000 -0.251716 1.000000
7 1120.000000 10 0.007600 1267 1.027711 0.000000 1.033152 1.033152 1.000000 -0.303102 1.000000
7 1120.000000 8569 0.007200 1234 1.032937 0.000000 1.037671 1.037671 1.000000 -0.173246 1.000000
7 1260.000000 10 0.017500 1404 1.046921 0.000000 1.053028 1.053028 1.000000 -0.232843 1.000000
7 1260.000000 8569 0.018700 1386 1.052787 0.000000 1.059819 1.059819 1.000000 -0.238461 1.000000
7 1400.000000 10 0.034400 1554 1.066798 0.000000 1.076843 1.076843 1.000000 -0.202667 1.000000
7 1400.000000 8569 0.034100 1534 1.069883 0.000000 1.079718 1.079718 1.000000 -0.191375 1.000000
7 1540.000000 10 0.047600 1694 1.077383 0.000000 1.088513 1.088513 1.000000 -0.315614 1.000000
7 1540.000000 8569 0.053500 1655 1.081458 0.000000 1.092340 1.092340 1.000000 -0.226158 1.000000
7 1680.000000 10 0.069900 1783 1.087195 0.000000 1.098914 1.098914 1.000000 -0.305648 1.000000
7 1680.000000 8569 0.071400 1771 1.086905 0.000000 1.098643 1.098643 1.000000 -0.213376 1.000000
7 1820.000000 10 0.085300 1920 1.096862 0.000000 1.110637 1.110637 1.000000 -0.282894 1.000000
7 1820.000000 8569 0.085300 1889 1.093692 0.000000 1.107358 1.107358 1.000000 -0.247422 1.000000
7 1960.000000 10 0.102200 2006 1.098129 0.000000 1.111940 1.111940 1.000000 -0.202206 1.000000
7 1960.000000 8569 0.104800 1993 1.099531 0.000000 1.113271 1.113271 1.000000 -0.258620 1.000000
7 2100.000000 10 0.119400 2124 1.107540 0.000000 1.124915 1.124915 1.000000 -0.250883 1.000000
7 2100.000000 8569 0.118900 2065 1.099081 0.000000 1.113041 1.113041 1.000000 -0.263513 1.000000
7 2240.000000 10 0.133700 2197 1.103775 0.000000 1.118319 1.118319 1.000000 -0.287937 1.000000
7 2240.000000 8569 0.130900 2159 1.099183 0.000000 1.114486 1.114486 1.000000 -0.243542 1.000000
7 2380.000000 10 0.146600 2270 1.106164 0.000000 1.124326 1.124326 1.000000 -0.220000 1.000000
7 2380.000000 8569 0.143500 2221 1.098307 0.000000 1.112434 1.112434 1.000000 -0.340000 1.000000
7 2520.000000 10 0.159300 2355 1.103247 0.000000 1.122160 1.122160 1.000000 -0.268482 1.000000
7 2520.000000 8569 0.157200 2320 1.104414 0.000000 1.122093 1.122093 1.000000 -0.199203 1.000000
7 2660.000000 10 0.171700 2442 1.105517 0.000000 1.122057 1.122057 1.000000 -0.278810 1.000000
7 2660.000000 8569 0.168200 2377 1.106516 0.000000 1.121904 1.121904 1.000000 -0.339130 1.000000
7 2800.000000 10 0.185500 2506 1.104481 0.000000 1.122161 1.122161 1.000000 -0.360000 1.000000
7 2800.000000 8569 0.184700 2483 1.104379 0.000000 1.123758 1.123758 1.000000 -0.272727 1.000000
7 2940.000000 10 0.195500 2575 1.103667 0.000000 1.118956 1.118956 1.000000 -0.270833 1.000000
7 2940.000000 8569 0.193000 2556 1.098389 0.000000 1.115613 1.115613 1.000000 -0.291845 1.000000
7 3080.000000 10 0.202500 2622 1.108840 0.000000 1.123511 1.123511 1.000000 -0.282157 1.000000
7 3080.000000 8569 0.202200 2579 1.102407 0.000000 1.119704 1.119704 1.000000 -0.334905 1.000000
7 3220.000000 10 0.213900 2696 1.100878 0.000000 1.115634 1.115634 1.000000 -0.327731 1.000000
7 3220.000000 8569 0.215000 2689 1.100255 0.000000 1.118089 1.118089 1.000000 -0.207469 1.000000
7 3360.000000 10 0.224900 2725 1.106309 0.000000 1.123468 1.123468 1.000000 -0.370000 1.000000
7 3360.000000 8569 0.226000 2700 1.103488 0.000000 1.120413 1.120413 1.000000 -0.226562 1.000000
7 3500.000000 10 0.238800 2769 1.101419 0.000000 1.120074 1.120074 1.000000 -0.304147 1.000000
7 3500.000000 8569 0.228500 2764 1.102657 0.000000 1.120026 1.120026 1.000000 -0.188524 1.000000
7 3640.000000 10 0.245700 2797 1.095055 0.000000 1.112422 1.112422 1.000000 -0.337899 1.000000
7 3640.000000 8569 0.240500 2785 1.093878 0.000000 1.112706 1.112706 1.000000 -0.283105 1.000000
7 3780.000000 10 0.256000 2877 1.104167 0.000000 1.123387 1.123387 1.000000 -0.277777 1.000000
7 3780.000000 8569 0.252800 2859 1.095691 0.000000 1.113758 1.113758 1.000000 -0.258706 1.000000
7 3920.000000 10 0.264200 2934 1.102202 0.000000 1.120821 1.120821 1.000000 -0.304762 1.000000
7 3920.000000 8569 0.264000 2894 1.100815 0.000000 1.116440 1.116440 1.000000 -0.342391 1.000000
7 4060.000000 10 0.273400 2932 1.103633 0.000000 1.120837 1.120837 1.000000 -0.353846 1.000000
7 4060.000000 8569 0.264300 2968 1.096507 0.000000 1.113497 1.113497 1.000000 -0.240196 1.000000
7 4200.000000 10 0.280400 2984 1.103113 0.000000 1.117704 1.117704 1.000000 -0.308755 1.000000
7 4200.000000 8569 0.272800 2980 1.091034 0.000000 1.111249 1.111249 1.000000 -0.239024 1.000000
7 4340.000000 10 0.285500 2990 1.099650 0.000000 1.115605 1.115605 1.000000 -0.352040 1.000000
7 4340.000000 8569 0.283700 3020 1.094653 0.000000 1.110568 1.110568 1.000000 -0.252475 1.000000
7 4480.000000 10 0.292400 3024 1.097371 0.000000 1.112493 1.112493 1.000000 -0.252293 1.000000
7 4480.000000 8569 0.289900 3035 1.095761 0.000000 1.111815 1.111815 1.000000 -0.240837 1.000000
7 4620.000000 10 0.304300 3101 1.101912 0.000000 1.118586 1.118586 1.000000 -0.257425 1.000000
7 4620.000000 8569 0.297700 3072 1.091841 0.000000 1.106934 1.106934 1.000000 -0.165898 1.000000
7 4760.000000 10 0.305500 3096 1.099064 0.000000 1.114615 1.114615 1.000000 -0.208531 1.000000
7 4760.000000 8569 0.302700 3113 1.089631 0.000000 1.104116 1.104116 1.000000 -0.282828 1.000000
7 4900.000000 10 0.313800 3109 1.091810 0.000000 1.108423 1.108423 1.000000 -0.299539 1.000000
7 4900.000000 8569 0.308000 3149 1.090896 0.000000 1.104046 1.104046 1.000000 -0.284210 1.000000
7 5040.000000 10 0.318700 3147 1.089388 0.000000 1.108176 1.108176 1.000000 -0.228855 1.000000
7 5040.000000 8569 0.315300 3153 1.084270 0.000000 1.100482 1.100482 1.000000 -0.300000 1.000000
7 5180.000000 10 0.326900 3180 1.092408 0.000000 1.109642 1.109642 1.000000 -0.273684 1.000000
7 5180.000000 8569 0.319900 3225 1.090428 0.000000 1.106014 1.106014 1.000000 -0.304123 1.000000
7 5320.000000 10 0.333800 3219 1.089763 0.000000 1.107625 1.107625 1.000000 -0.236842 1.000000
7 5320.000000 8569 0.330100 3243 1.083296 0.000000 1.100911 1.100911 1.000000 -0.200980 1.000000
7 5460.000000 10 0.332900 3236 1.090091 0.000000 1.107930 1.107930 1.000000 -0.292079 1.000000
7 5460.000000 8569 0.336200 3245 1.090389 0.000000 1.107261 1.107261 1.000000 -0.252747 1.000000
7 5600.000000 10 0.344600 3213 1.083308 0.000000 1.098108 1.098108 1.000000 -0.298913 1.000000
7 5600.000000 8569 0.344500 3265 1.086194 0.000000 1.104958 1.104958 1.000000 -0.198895 1.000000
7 5740.000000 10 0.346200 3276 1.089936 0.000000 1.107678 1.107678 1.000000 -0.313953 1.000000
7 5740.000000 8569 0.348400 3230 1.082873 0.000000 1.096225 1.096225 1.000000 -0.208333 1.000000
7 5880.000000 10 0.354300 3281 1.083320 0.000000 1.097878 1.097878 1.000000 -0.259067 1.000000
7 5880.000000 8569 0.350100 3248 1.080628 0.000000 1.094014 1.094014 1.000000 -0.206030 1.000000
7 6020.000000 10 0.361300 3306 1.087208 0.000000 1.099734 1.099734 1.000000 -0.264865 1.000000
7 6020.000000 8569 0.355700 3276 1.084278 0.000000 1.099022 1.099022 1.000000 -0.302325 1.000000
7 6160.000000 10 0.365500 3319 1.083530 0.000000 1.099606 1.099606 1.000000 -0.300000 1.000000
7 6160.000000 8569 0.360300 3365 1.081913 0.000000 1.100985 1.100985 1.000000 -0.238342 1.000000
7 6300.000000 10 0.368900 3341 1.084773 0.000000 1.100776 1.100776 1.000000 -0.237569 1.000000
7 6300.000000 8569 0.363800 3318 1.077649 0.000000 1.091481 1.091481 1.000000 -0.272727 1.000000
7 6440.000000 10 0.369300 3344 1.077850 0.000000 1.093071 1.093071 1.000000 -0.289772 1.000000
7 6440.000000 8569 0.374300 3346 1.086463 0.000000 1.097651 1.097651 1.000000 -0.232954 1.000000
7 6580.000000 10 0.373900 3359 1.082096 0.000000 1.097429 1.097429 1.000000 -0.229592 1.000000
7 6580.000000 8569 0.378300 3351 1.082837 0.000000 1.095223 1.095223 1.000000 -0.211956 1.000000
7 6720.000000 10 0.377800 3382 1.086146 0.000000 1.102539 1.102539 1.000000 -0.232954 1.000000
7 6720.000000 8569 0.379400 3355 1.077022 0.000000 1.090719 1.090719 1.000000 -0.268156 1.000000
7 6860.000000 10 0.387300 3349 1.079811 0.000000 1.092704 1.092704 1.000000 -0.250000 1.000000
7 6860.000000 8569 0.387700 3362 1.074637 0.000000 1.089335 1.089335 1.000000 -0.241379 1.000000
7 7000.000000 10 0.383900 3404 1.079695 0.000000 1.094952 1.094952 1.000000 -0.196891 1.000000
7 7000.000000 8569 0.390700 3352 1.074183 0.000000 1.086657 1.086657 1.000000 -0.308988 1.000000
