1 20.000000 10 0.000000 37 1.000000 0.000000 1.000000 1.000000 0.547025 0.094771 0.589954
1 20.000000 8569 0.000000 43 1.000000 0.000000 1.000000 1.000000 0.545528 0.095191 0.588790
1 40.000000 8569 0.000000 70 1.000000 0.000000 1.000500 1.000500 0.822894 0.039394 0.829870
1 40.000000 10 0.000000 69 1.000000 0.000000 1.000400 1.000400 0.812281 0.041590 0.820089
1 60.000000 10 0.000000 94 1.000000 0.000000 1.004500 1.004500 0.900652 0.022502 0.902888
1 60.000000 8569 0.000100 93 1.000000 0.000000 1.005101 1.005101 0.905144 0.021549 0.907188
1 80.000000 10 0.000500 113 1.000000 0.000000 1.019410 1.019410 0.922171 0.017877 0.923562
1 80.000000 8569 0.000700 116 1.000000 0.000000 1.019314 1.019314 0.924263 0.017434 0.925583
1 100.000000 10 0.003800 149 1.000000 0.000000 1.061433 1.061433 0.929234 0.016707 0.930416
1 100.000000 8569 0.005600 149 1.000000 0.000000 1.057120 1.057120 0.928319 0.016964 0.929535
1 120.000000 10 0.016400 174 1.000000 0.000000 1.114884 1.114884 0.934069 0.016249 0.935141
1 120.000000 8569 0.016600 175 1.000000 0.000000 1.104027 1.104027 0.934737 0.016048 0.935785
1 140.000000 10 0.037800 203 1.000000 0.000000 1.164311 1.164311 0.936677 0.016380 0.937714
1 140.000000 8569 0.035700 203 1.000000 0.000000 1.153998 1.153998 0.937126 0.016180 0.938144
1 160.000000 10 0.063800 220 1.000000 0.000000 1.195257 1.195257 0.939317 0.016328 0.940308
1 160.000000 8569 0.061400 229 1.000000 0.000000 1.205945 1.205945 0.940366 0.016136 0.941328
1 180.000000 10 0.090900 249 1.000000 0.000000 1.238478 1.238478 0.942436 0.016338 0.943377
1 180.000000 8569 0.089500 252 1.000000 0.000000 1.239099 1.239099 0.943441 0.015995 0.944346
1 200.000000 10 0.117600 262 1.000000 0.000000 1.252947 1.252947 0.944024 0.016414 0.944943
1 200.000000 8569 0.117200 267 1.000000 0.000000 1.249094 1.249094 0.944499 0.016186 0.945397
1 220.000000 10 0.149200 284 1.000000 0.000000 1.269746 1.269746 0.946348 0.016314 0.947224
1 220.000000 8569 0.142200 292 1.000000 0.000000 1.262998 1.262998 0.945070 0.016516 0.945977
1 240.000000 10 0.164600 301 1.000000 0.000000 1.276395 1.276395 0.947513 0.016304 0.948369
1 240.000000 8569 0.162700 294 1.000000 0.000000 1.277439 1.277439 0.945844 0.016684 0.946747
1 260.000000 10 0.184400 312 1.000000 0.000000 1.295488 1.295488 0.948644 0.016343 0.949483
1 260.000000 8569 0.184000 333 1.000000 0.000000 1.286152 1.286152 0.949074 0.016153 0.949897
1 280.000000 10 0.205200 336 1.000000 0.000000 1.300327 1.300327 0.949615 0.016460 0.950444
1 280.000000 8569 0.198700 339 1.000000 0.000000 1.288406 1.288406 0.948523 0.016587 0.949377
1 300.000000 10 0.223800 361 1.000000 0.000000 1.288328 1.288328 0.950156 0.016402 0.950973
1 300.000000 8569 0.222400 342 1.000000 0.000000 1.296039 1.296039 0.949806 0.016563 0.950637
1 320.000000 10 0.240100 374 1.000000 0.000000 1.300829 1.300829 0.951400 0.016409 0.952198
1 320.000000 8569 0.239700 356 1.000000 0.000000 1.288965 1.288965 0.950675 0.016487 0.951488
1 340.000000 10 0.263500 370 1.000000 0.000000 1.306993 1.306993 0.951745 0.016665 0.952550
1 340.000000 8569 0.253400 374 1.000000 0.000000 1.300696 1.300696 0.950961 0.016712 0.951781
1 360.000000 10 0.272900 389 1.000000 0.000000 1.312887 1.312887 0.952396 0.016694 0.953190
1 360.000000 8569 0.270700 403 1.000000 0.000000 1.311669 1.311669 0.952655 0.016491 0.953436
1 380.000000 10 0.287900 402 1.000000 0.000000 1.311052 1.311052 0.953164 0.016570 0.953940
1 380.000000 8569 0.279300 398 1.000000 0.000000 1.306369 1.306369 0.952322 0.016765 0.953121
1 400.000000 10 0.307100 413 1.000000 0.000000 1.312599 1.312599 0.953908 0.016646 0.954675
1 400.000000 8569 0.294900 402 1.000000 0.000000 1.304779 1.304779 0.953211 0.016593 0.953987
1 420.000000 10 0.318300 433 1.000000 0.000000 1.300719 1.300719 0.953738 0.016637 0.954508
1 420.000000 8569 0.308400 424 1.000000 0.000000 1.304511 1.304511 0.953586 0.016673 0.954360
1 440.000000 10 0.334400 438 1.000000 0.000000 1.300631 1.300631 0.955067 0.016401 0.955804
1 440.000000 8569 0.323000 428 1.000000 0.000000 1.300739 1.300739 0.954333 0.016495 0.955086
1 460.000000 10 0.338500 433 1.000000 0.000000 1.305971 1.305971 0.955422 0.016412 0.956153
1 460.000000 8569 0.327200 447 1.000000 0.000000 1.285077 1.285077 0.954270 0.016499 0.955024
1 480.000000 10 0.351500 452 1.000000 0.000000 1.299152 1.299152 0.955782 0.016430 0.956509
1 480.000000 8569 0.346100 455 1.000000 0.000000 1.313657 1.313657 0.955069 0.016635 0.955817
1 500.000000 10 0.359400 475 1.000000 0.000000 1.315642 1.315642 0.956001 0.016597 0.956731
1 500.000000 8569 0.347000 459 1.000000 0.000000 1.296784 1.296784 0.955665 0.016362 0.956391
1 520.000000 10 0.370700 471 1.000000 0.000000 1.302876 1.302876 0.955591 0.016745 0.956335
1 520.000000 8569 0.358400 475 1.000000 0.000000 1.300966 1.300966 0.955033 0.016863 0.955791
1 540.000000 10 0.377800 486 1.000000 0.000000 1.304404 1.304404 0.956610 0.016536 0.957327
1 540.000000 8569 0.369600 482 1.000000 0.000000 1.274270 1.274270 0.955905 0.016494 0.956633
1 560.000000 10 0.387800 496 1.000000 0.000000 1.293368 1.293368 0.957506 0.016314 0.958199
1 560.000000 8569 0.380800 478 1.000000 0.000000 1.286983 1.286983 0.955906 0.016600 0.956638
1 580.000000 10 0.399500 503 1.000000 0.000000 1.297086 1.297086 0.956629 0.016679 0.957352
1 580.000000 8569 0.391800 510 1.000000 0.000000 1.294311 1.294311 0.955990 0.016872 0.956732
1 600.000000 10 0.406200 512 1.000000 0.000000 1.292523 1.292523 0.956496 0.016804 0.957227
1 600.000000 8569 0.393900 497 1.000000 0.000000 1.294836 1.294836 0.956322 0.016761 0.957055
1 620.000000 10 0.415400 522 1.000000 0.000000 1.272665 1.272665 0.957837 0.016366 0.958527
1 620.000000 8569 0.401500 520 1.000000 0.000000 1.301253 1.301253 0.957528 0.016639 0.958235
1 640.000000 10 0.416300 522 1.000000 0.000000 1.298784 1.298784 0.957462 0.016694 0.958172
1 640.000000 8569 0.413400 514 1.000000 0.000000 1.265598 1.265598 0.956320 0.016807 0.957054
1 660.000000 10 0.428400 548 1.000000 0.000000 1.296886 1.296886 0.957490 0.016840 0.958206
1 660.000000 8569 0.415200 539 1.000000 0.000000 1.274624 1.274624 0.957460 0.016590 0.958166
1 680.000000 10 0.430600 553 1.000000 0.000000 1.289954 1.289954 0.958894 0.016259 0.959563
1 680.000000 8569 0.423300 542 1.000000 0.000000 1.277787 1.277787 0.957419 0.016704 0.958130
1 700.000000 10 0.440500 574 1.000000 0.000000 1.286506 1.286506 0.958291 0.016635 0.958984
1 700.000000 8569 0.429900 556 1.000000 0.000000 1.287669 1.287669 0.958468 0.016390 0.959148
1 720.000000 10 0.444400 564 1.000000 0.000000 1.267099 1.267099 0.958332 0.016387 0.959015
1 720.000000 8569 0.438200 560 1.000000 0.000000 1.280705 1.280705 0.958650 0.016347 0.959326
1 740.000000 10 0.450200 571 1.000000 0.000000 1.276100 1.276100 0.958423 0.016576 0.959112
1 740.000000 8569 0.444100 562 1.000000 0.000000 1.282965 1.282965 0.957802 0.016866 0.958513
1 760.000000 10 0.456600 593 1.000000 0.000000 1.287449 1.287449 0.958593 0.016610 0.959280
1 760.000000 8569 0.445200 581 1.000000 0.000000 1.274874 1.274874 0.957890 0.016802 0.958597
1 780.000000 10 0.462300 578 1.000000 0.000000 1.266320 1.266320 0.958538 0.016451 0.959220
1 780.000000 8569 0.455500 590 1.000000 0.000000 1.273646 1.273646 0.958895 0.016445 0.959571
1 800.000000 10 0.464800 601 1.000000 0.000000 1.280456 1.280456 0.959186 0.016468 0.959859
1 800.000000 8569 0.465700 597 1.000000 0.000000 1.269699 1.269699 0.958634 0.016625 0.959322
1 820.000000 10 0.472000 613 1.000000 0.000000 1.280871 1.280871 0.959507 0.016425 0.960172
1 820.000000 8569 0.462600 622 1.000000 0.000000 1.272237 1.272237 0.958824 0.016688 0.959511
1 840.000000 10 0.479000 609 1.000000 0.000000 1.262572 1.262572 0.959607 0.016389 0.960269
1 840.000000 8569 0.473000 609 1.000000 0.000000 1.285389 1.285389 0.959884 0.016481 0.960545
1 860.000000 10 0.484500 619 1.000000 0.000000 1.262076 1.262076 0.959604 0.016430 0.960267
1 860.000000 8569 0.476400 625 1.000000 0.000000 1.272918 1.272918 0.959385 0.016627 0.960061
1 880.000000 10 0.495400 628 1.000000 0.000000 1.247721 1.247721 0.959615 0.016301 0.960274
1 880.000000 8569 0.481700 607 1.000000 0.000000 1.259309 1.259309 0.959155 0.016662 0.959836
1 900.000000 10 0.494900 637 1.000000 0.000000 1.265294 1.265294 0.959937 0.016364 0.960593
1 900.000000 8569 0.483800 626 1.000000 0.000000 1.273150 1.273150 0.959391 0.016699 0.960069
1 920.000000 10 0.499000 639 1.000000 0.000000 1.262874 1.262874 0.960290 0.016259 0.960936
1 920.000000 8569 0.491500 654 1.000000 0.000000 1.267453 1.267453 0.959637 0.016755 0.960313
1 940.000000 10 0.499700 649 1.000000 0.000000 1.277234 1.277234 0.960336 0.016544 0.960992
1 940.000000 8569 0.494600 645 1.000000 0.000000 1.271468 1.271468 0.959329 0.016790 0.960012
1 960.000000 10 0.506100 661 1.000000 0.000000 1.273335 1.273335 0.960417 0.016497 0.961070
1 960.000000 8569 0.501700 648 1.000000 0.000000 1.254064 1.254064 0.959523 0.016674 0.960198
1 980.000000 10 0.506000 662 1.000000 0.000000 1.278543 1.278543 0.961167 0.016209 0.961796
1 980.000000 8569 0.506800 667 1.000000 0.000000 1.264396 1.264396 0.959101 0.016810 0.959788
1 1000.000000 10 0.517400 657 1.000000 0.000000 1.261293 1.261293 0.960212 0.016364 0.960863
1 1000.000000 8569 0.509100 666 1.000000 0.000000 1.261764 1.261764 0.960129 0.016496 0.960787
4 80.000000 10 0.000000 110 1.000000 0.000000 1.000000 1.000000 1.000000 -0.116596 1.000000
4 80.000000 8569 0.000000 111 1.000000 0.000000 1.000000 1.000000 1.000000 -0.167378 1.000000
4 160.000000 10 0.000000 191 1.000000 0.000000 1.000000 1.000000 1.000000 -0.774603 1.000000
4 160.000000 8569 0.000000 204 1.000000 0.000000 1.000000 1.000000 1.000000 -0.885470 1.000000
4 240.000000 10 0.000000 281 1.000000 0.000000 1.000000 1.000000 1.000000 -0.990632 1.000000
4 240.000000 8569 0.000000 293 1.000000 0.000000 1.000000 1.000000 1.000000 -0.902097 1.000000
4 320.000000 10 0.000000 372 1.000000 0.000000 1.000000 1.000000 1.000000 -1.012738 1.000000
4 320.000000 8569 0.000000 374 1.000000 0.000000 1.000000 1.000000 1.000000 -0.857575 1.000000
4 400.000000 10 0.000000 453 1.001100 0.000000 1.001100 1.001100 1.000000 -0.815884 1.000000
4 400.000000 8569 0.000000 449 1.000000 0.000000 1.000100 1.000100 1.000000 -0.870035 1.000000
4 480.000000 10 0.000100 548 1.010101 0.000000 1.012301 1.012301 1.000000 -0.999999 1.000000
4 480.000000 8569 0.000000 533 1.010100 0.000000 1.012100 1.012100 1.000000 -0.994948 1.000000
4 560.000000 10 0.001800 692 1.042677 0.000000 1.055700 1.055700 1.000000 -0.995073 1.000000
4 560.000000 8569 0.001500 649 1.038458 0.000000 1.048773 1.048773 1.000000 -0.809954 1.000000
4 640.000000 10 0.009200 843 1.098405 0.000000 1.126262 1.126262 1.000000 -0.895060 1.000000
4 640.000000 8569 0.009700 813 1.104514 0.000000 1.135716 1.135716 1.000000 -0.836362 1.000000
4 720.000000 10 0.027000 980 1.155293 0.000000 1.202055 1.202055 1.000000 -0.819998 1.000000
4 720.000000 8569 0.024900 938 1.144190 0.000000 1.190647 1.190647 1.000000 -0.929132 1.000000
4 800.000000 10 0.044900 1090 1.195372 0.000000 1.263951 1.263951 1.000000 -0.778624 1.000000
4 800.000000 8569 0.044300 1063 1.187193 0.000000 1.244951 1.244951 1.000000 -0.905981 1.000000
4 880.000000 10 0.067800 1193 1.216048 0.000000 1.283094 1.283094 1.000000 -0.827584 1.000000
4 880.000000 8569 0.069700 1172 1.209395 0.000000 1.281845 1.281845 1.000000 -1.009431 1.000000
4 960.000000 10 0.091100 1248 1.228738 0.000000 1.308395 1.308395 1.000000 -0.926603 1.000000
4 960.000000 8569 0.091100 1269 1.224887 0.000000 1.299483 1.299483 1.000000 -1.227269 1.000000
4 1040.000000 10 0.111500 1376 1.233765 0.000000 1.315138 1.315138 1.000000 -1.234563 1.000000
4 1040.000000 8569 0.108500 1302 1.235222 0.000000 1.309815 1.309815 1.000000 -0.747473 1.000000
4 1120.000000 10 0.126700 1399 1.235085 0.000000 1.313981 1.313981 1.000000 -1.208787 1.000000
4 1120.000000 8569 0.130300 1377 1.225365 0.000000 1.295849 1.295849 1.000000 -0.919997 1.000000
4 1200.000000 10 0.148000 1516 1.243310 0.000000 1.326995 1.326995 1.000000 -1.170451 1.000000
4 1200.000000 8569 0.145900 1495 1.235804 0.000000 1.316239 1.316239 1.000000 -0.715787 1.000000
4 1280.000000 10 0.166200 1517 1.238546 0.000000 1.321900 1.321900 1.000000 -1.025970 1.000000
4 1280.000000 8569 0.164100 1524 1.246680 0.000000 1.326833 1.326833 1.000000 -0.784088 1.000000
4 1360.000000 10 0.180200 1602 1.239815 0.000000 1.320078 1.320078 1.000000 -1.090906 1.000000
4 1360.000000 8569 0.177700 1572 1.240788 0.000000 1.318254 1.318254 1.000000 -0.693180 1.000000
4 1440.000000 10 0.200400 1689 1.246873 0.000000 1.334292 1.334292 1.000000 -0.792680 1.000000
4 1440.000000 8569 0.198000 1645 1.239401 0.000000 1.323441 1.323441 1.000000 -0.719099 1.000000
4 1520.000000 10 0.210100 1732 1.235599 0.000000 1.321560 1.321560 1.000000 -0.823527 1.000000
4 1520.000000 8569 0.208800 1670 1.232937 0.000000 1.311047 1.311047 1.000000 -0.890408 1.000000
4 1600.000000 10 0.225800 1755 1.233790 0.000000 1.316972 1.316972 1.000000 -0.842102 1.000000
4 1600.000000 8569 0.215600 1712 1.225650 0.000000 1.310428 1.310428 1.000000 -0.951804 1.000000
4 1680.000000 10 0.235700 1832 1.226743 0.000000 1.315190 1.315190 1.000000 -0.797294 1.000000
4 1680.000000 8569 0.232500 1774 1.221368 0.000000 1.299544 1.299544 1.000000 -0.843371 1.000000
4 1760.000000 10 0.249600 1831 1.224813 0.000000 1.308102 1.308102 1.000000 -0.851348 1.000000
4 1760.000000 8569 0.245000 1851 1.225298 0.000000 1.305166 1.305166 1.000000 -0.945942 1.000000
4 1840.000000 10 0.263500 1895 1.221860 0.000000 1.294501 1.294501 1.000000 -1.105258 1.000000
4 1840.000000 8569 0.257100 1862 1.222910 0.000000 1.306232 1.306232 1.000000 -0.813951 1.000000
4 1920.000000 10 0.274800 1887 1.217595 0.000000 1.292057 1.292057 1.000000 -1.030299 1.000000
4 1920.000000 8569 0.266200 1882 1.226901 0.000000 1.305124 1.305124 1.000000 -0.810124 1.000000
4 2000.000000 10 0.285900 1952 1.223078 0.000000 1.295477 1.295477 1.000000 -0.761191 1.000000
4 2000.000000 8569 0.278200 1910 1.224300 0.000000 1.302438 1.302438 1.000000 -0.891889 1.000000
4 2080.000000 10 0.293400 1961 1.225446 0.000000 1.298755 1.298755 1.000000 -0.839997 1.000000
4 2080.000000 8569 0.286700 1899 1.207346 0.000000 1.276602 1.276602 1.000000 -0.685391 1.000000
4 2160.000000 10 0.303700 1981 1.203648 0.000000 1.279764 1.279764 1.000000 -0.729727 1.000000
4 2160.000000 8569 0.298900 1979 1.213379 0.000000 1.295678 1.295678 1.000000 -0.688887 1.000000
4 2240.000000 10 0.314200 2039 1.207641 0.000000 1.281715 1.281715 1.000000 -0.871792 1.000000
4 2240.000000 8569 0.304500 2028 1.205607 0.000000 1.277354 1.277354 1.000000 -0.971827 1.000000
4 2320.000000 10 0.323500 2061 1.202809 0.000000 1.277014 1.277014 1.000000 -0.926467 1.000000
4 2320.000000 8569 0.311000 2046 1.204064 0.000000 1.282729 1.282729 1.000000 -0.723074 1.000000
4 2400.000000 10 0.326200 2078 1.203770 0.000000 1.275601 1.275601 1.000000 -1.030765 1.000000
4 2400.000000 8569 0.324700 2058 1.195913 0.000000 1.275581 1.275581 1.000000 -0.749998 1.000000
4 2480.000000 10 0.334700 2092 1.198707 0.000000 1.269202 1.269202 1.000000 -1.071424 1.000000
4 2480.000000 8569 0.331400 2110 1.208196 0.000000 1.278941 1.278941 1.000000 -0.797295 1.000000
4 2560.000000 10 0.340900 2141 1.203611 0.000000 1.272038 1.272038 1.000000 -0.948272 1.000000
4 2560.000000 8569 0.333900 2116 1.204474 0.000000 1.277286 1.277286 1.000000 -0.824558 1.000000
4 2640.000000 10 0.350300 2210 1.205018 0.000000 1.272280 1.272280 1.000000 -0.833330 1.000000
4 2640.000000 8569 0.344500 2121 1.185355 0.000000 1.256140 1.256140 1.000000 -0.716214 1.000000
4 2720.000000 10 0.358900 2189 1.189050 0.000000 1.260802 1.260802 1.000000 -0.739128 1.000000
4 2720.000000 8569 0.351800 2174 1.189139 0.000000 1.265196 1.265196 1.000000 -0.984612 1.000000
4 2800.000000 10 0.363900 2169 1.187706 0.000000 1.253419 1.253419 1.000000 -0.791664 1.000000
4 2800.000000 8569 0.361800 2143 1.177374 0.000000 1.242714 1.242714 1.000000 -0.681816 1.000000
4 2880.000000 10 0.378500 2175 1.178278 0.000000 1.241512 1.241512 1.000000 -0.866663 1.000000
4 2880.000000 8569 0.364500 2248 1.182061 0.000000 1.253816 1.253816 1.000000 -0.838706 1.000000
4 2960.000000 10 0.377000 2240 1.178010 0.000000 1.244302 1.244302 1.000000 -1.065570 1.000000
4 2960.000000 8569 0.368800 2229 1.179183 0.000000 1.248416 1.248416 1.000000 -0.810124 1.000000
4 3040.000000 10 0.383300 2264 1.176747 0.000000 1.241446 1.241446 1.000000 -0.753621 1.000000
4 3040.000000 8569 0.377900 2267 1.175374 0.000000 1.247549 1.247549 1.000000 -0.874997 1.000000
4 3120.000000 10 0.394500 2270 1.175227 0.000000 1.237820 1.237820 1.000000 -1.114750 1.000000
4 3120.000000 8569 0.381200 2254 1.169845 0.000000 1.233032 1.233032 1.000000 -0.680553 1.000000
4 3200.000000 10 0.394600 2244 1.160885 0.000000 1.219689 1.219689 1.000000 -0.948272 1.000000
4 3200.000000 8569 0.391100 2247 1.173592 0.000000 1.242404 1.242404 1.000000 -0.904759 1.000000
4 3280.000000 10 0.404900 2311 1.167031 0.000000 1.228533 1.228533 1.000000 -0.849997 1.000000
4 3280.000000 8569 0.392600 2327 1.178795 0.000000 1.246625 1.246625 1.000000 -0.808821 1.000000
4 3360.000000 10 0.412400 2285 1.162866 0.000000 1.225664 1.225664 1.000000 -0.777775 1.000000
4 3360.000000 8569 0.403800 2335 1.162865 0.000000 1.228279 1.228279 1.000000 -0.984372 1.000000
4 3440.000000 10 0.411000 2360 1.169949 0.000000 1.232258 1.232258 1.000000 -0.883330 1.000000
4 3440.000000 8569 0.400600 2344 1.158825 0.000000 1.216383 1.216383 1.000000 -0.967738 1.000000
4 3520.000000 10 0.416600 2313 1.147240 0.000000 1.200720 1.200720 1.000000 -1.074070 1.000000
4 3520.000000 8569 0.406400 2355 1.167116 0.000000 1.220182 1.220182 1.000000 -0.866663 1.000000
4 3600.000000 10 0.419400 2343 1.153290 0.000000 1.208061 1.208061 1.000000 -0.883330 1.000000
4 3600.000000 8569 0.412800 2378 1.169619 0.000000 1.229053 1.229053 1.000000 -0.636361 1.000000
4 3680.000000 10 0.428900 2377 1.160392 0.000000 1.213623 1.213623 1.000000 -0.892854 1.000000
4 3680.000000 8569 0.417100 2351 1.155258 0.000000 1.219077 1.219077 1.000000 -0.698410 1.000000
4 3760.000000 10 0.424900 2376 1.152843 0.000000 1.206225 1.206225 1.000000 -0.870965 1.000000
4 3760.000000 8569 0.426400 2370 1.164923 0.000000 1.218619 1.218619 1.000000 -0.838707 1.000000
4 3840.000000 10 0.433100 2369 1.156641 0.000000 1.215911 1.215911 1.000000 -0.999996 1.000000
4 3840.000000 8569 0.430100 2387 1.150377 0.000000 1.211967 1.211967 1.000000 -0.799997 1.000000
4 3920.000000 10 0.441900 2383 1.156603 0.000000 1.211611 1.211611 1.000000 -1.148144 1.000000
4 3920.000000 8569 0.431700 2433 1.154320 0.000000 1.209924 1.209924 1.000000 -0.656714 1.000000
4 4000.000000 10 0.443000 2398 1.145242 0.000000 1.198025 1.198025 1.000000 -0.796872 1.000000
4 4000.000000 8569 0.436500 2426 1.152795 0.000000 1.201420 1.201420 1.000000 -0.538460 1.000000
7 140.000000 10 0.000000 176 1.000000 0.000000 1.000000 1.000000 1.000000 -0.104742 1.000000
7 140.000000 8569 0.000000 182 1.000000 0.000000 1.000000 1.000000 1.000000 -0.074022 1.000000
7 280.000000 10 0.000000 328 1.000000 0.000000 1.000000 1.000000 1.000000 -0.079235 1.000000
7 280.000000 8569 0.000000 336 1.000000 0.000000 1.000000 1.000000 1.000000 -0.055605 1.000000
7 420.000000 10 0.000000 470 1.000000 0.000000 1.000000 1.000000 1.000000 -0.119867 1.000000
7 420.000000 8569 0.000000 468 1.000000 0.000000 1.000000 1.000000 1.000000 -0.035126 1.000000
7 560.000000 10 0.000000 629 1.000000 0.000000 1.000000 1.000000 1.000000 -0.189258 1.000000
7 560.000000 8569 0.000000 606 1.000000 0.000000 1.000000 1.000000 1.000000 -0.216898 1.000000
7 700.000000 10 0.000000 773 1.000000 0.000000 1.000000 1.000000 1.000000 -0.246223 1.000000
7 700.000000 8569 0.000000 758 1.000000 0.000000 1.000000 1.000000 1.000000 -0.223101 1.000000
7 840.000000 10 0.000000 914 1.000700 0.000000 1.000700 1.000700 1.000000 -0.242958 1.000000
7 840.000000 8569 0.000000 900 1.000000 0.000000 1.000000 1.000000 1.000000 -0.207477 1.000000
7 980.000000 10 0.000000 1112 1.016000 0.000000 1.018400 1.018400 1.000000 -0.225470 1.000000
7 980.000000 8569 0.000000 1071 1.010200 0.000000 1.011700 1.011700 1.000000 -0.214286 1.000000
7 1120.000000 10 0.002000 1316 1.048196 0.000000 1.055411 1.055411 1.000000 -0.257985 1.000000
7 1120.000000 8569 0.002200 1261 1.048206 0.000000 1.054821 1.054821 1.000000 -0.171428 1.000000
7 1260.000000 10 0.012400 1648 1.122620 0.000000 1.142467 1.142467 1.000000 -0.283422 1.000000
7 1260.000000 8569 0.011900 1581 1.123166 0.000000 1.142799 1.142799 1.000000 -0.229946 1.000000
7 1400.000000 10 0.026700 1803 1.159766 0.000000 1.185349 1.185349 1.000000 -0.241477 1.000000
7 1400.000000 8569 0.027100 1803 1.169904 0.000000 1.195498 1.195498 1.000000 -0.257764 1.000000
7 1540.000000 10 0.047200 1983 1.193850 0.000000 1.224496 1.224496 1.000000 -0.283216 1.000000
7 1540.000000 8569 0.046900 1996 1.201238 0.000000 1.231665 1.231665 1.000000 -0.219355 1.000000
7 1680.000000 10 0.063200 2173 1.216695 0.000000 1.253202 1.253202 1.000000 -0.296819 1.000000
7 1680.000000 8569 0.062400 2097 1.207445 0.000000 1.241041 1.241041 1.000000 -0.234875 1.000000
7 1820.000000 10 0.084200 2294 1.230946 0.000000 1.268181 1.268181 1.000000 -0.256410 1.000000
7 1820.000000 8569 0.082100 2250 1.218651 0.000000 1.254494 1.254494 1.000000 -0.238095 1.000000
7 1960.000000 10 0.100300 2418 1.227631 0.000000 1.266422 1.266422 1.000000 -0.251012 1.000000
7 1960.000000 8569 0.100400 2347 1.225322 0.000000 1.265674 1.265674 1.000000 -0.267716 1.000000
7 2100.000000 10 0.118800 2528 1.233318 0.000000 1.277690 1.277690 1.000000 -0.276595 1.000000
7 2100.000000 8569 0.119300 2426 1.217100 0.000000 1.256273 1.256273 1.000000 -0.266666 1.000000
7 2240.000000 10 0.133000 2592 1.226874 0.000000 1.265283 1.265283 1.000000 -0.270588 1.000000
7 2240.000000 8569 0.131400 2518 1.223348 0.000000 1.261110 1.261110 1.000000 -0.241379 1.000000
7 2380.000000 10 0.146300 2697 1.234626 0.000000 1.278552 1.278552 1.000000 -0.196652 1.000000
7 2380.000000 8569 0.147100 2580 1.214797 0.000000 1.251495 1.251495 1.000000 -0.301310 1.000000
7 2520.000000 10 0.156200 2788 1.229912 0.000000 1.273643 1.273643 1.000000 -0.285087 1.000000
7 2520.000000 8569 0.156000 2705 1.214100 0.000000 1.250948 1.250948 1.000000 -0.217592 1.000000
7 2660.000000 10 0.172100 2841 1.219833 0.000000 1.260418 1.260418 1.000000 -0.250000 1.000000
7 2660.000000 8569 0.172000 2785 1.207005 0.000000 1.245531 1.245531 1.000000 -0.246862 1.000000
7 2800.000000 10 0.179700 2861 1.214678 0.000000 1.252591 1.252591 1.000000 -0.359813 1.000000
7 2800.000000 8569 0.184400 2855 1.213340 0.000000 1.248161 1.248161 1.000000 -0.243697 1.000000
7 2940.000000 10 0.196900 2913 1.205952 0.000000 1.242809 1.242809 1.000000 -0.195122 1.000000
7 2940.000000 8569 0.192700 2913 1.206986 0.000000 1.246996 1.246996 1.000000 -0.344186 1.000000
7 3080.000000 10 0.212200 2976 1.222645 0.000000 1.263011 1.263011 1.000000 -0.305936 1.000000
7 3080.000000 8569 0.209900 2979 1.199468 0.000000 1.238324 1.238324 1.000000 -0.316279 1.000000
7 3220.000000 10 0.222100 3053 1.205811 0.000000 1.245404 1.245404 1.000000 -0.312217 1.000000
7 3220.000000 8569 0.218900 2992 1.188836 0.000000 1.226219 1.226219 1.000000 -0.171674 1.000000
7 3360.000000 10 0.230600 3057 1.191318 0.000000 1.232259 1.232259 1.000000 -0.338164 1.000000
7 3360.000000 8569 0.230200 3097 1.195765 0.000000 1.234866 1.234866 1.000000 -0.241379 1.000000
7 3500.000000 10 0.240000 3125 1.198684 0.000000 1.231842 1.231842 1.000000 -0.343434 1.000000
7 3500.000000 8569 0.239600 3083 1.189637 0.000000 1.224356 1.224356 1.000000 -0.198276 1.000000
7 3640.000000 10 0.253800 3114 1.180783 0.000000 1.211203 1.211203 1.000000 -0.292079 1.000000
7 3640.000000 8569 0.249300 3153 1.190222 0.000000 1.228720 1.228720 1.000000 -0.268518 1.000000
7 3780.000000 10 0.262900 3180 1.186949 0.000000 1.220866 1.220866 1.000000 -0.376237 1.000000
7 3780.000000 8569 0.259200 3180 1.180751 0.000000 1.215173 1.215173 1.000000 -0.236715 1.000000
7 3920.000000 10 0.272400 3196 1.187466 0.000000 1.221275 1.221275 1.000000 -0.311320 1.000000
7 3920.000000 8569 0.262600 3204 1.181177 0.000000 1.220369 1.220369 1.000000 -0.203208 1.000000
7 4060.000000 10 0.280400 3207 1.176904 0.000000 1.211923 1.211923 1.000000 -0.364102 1.000000
7 4060.000000 8569 0.270400 3167 1.171190 0.000000 1.198465 1.198465 1.000000 -0.278607 1.000000
7 4200.000000 10 0.288500 3258 1.177372 0.000000 1.208855 1.208855 1.000000 -0.352941 1.000000
7 4200.000000 8569 0.285500 3285 1.174388 0.000000 1.206858 1.206858 1.000000 -0.238095 1.000000
7 4340.000000 10 0.294500 3284 1.170092 0.000000 1.202977 1.202977 1.000000 -0.364640 1.000000
7 4340.000000 8569 0.286100 3336 1.168791 0.000000 1.201989 1.201989 1.000000 -0.235294 1.000000
7 4480.000000 10 0.301300 3275 1.168313 0.000000 1.198225 1.198225 1.000000 -0.245098 1.000000
7 4480.000000 8569 0.299300 3345 1.170829 0.000000 1.201085 1.201085 1.000000 -0.261363 1.000000
7 4620.000000 10 0.305900 3361 1.171013 0.000000 1.202709 1.202709 1.000000 -0.309782 1.000000
7 4620.000000 8569 0.310200 3335 1.166425 0.000000 1.200783 1.200783 1.000000 -0.262032 1.000000
7 4760.000000 10 0.318900 3284 1.163265 0.000000 1.191455 1.191455 1.000000 -0.224880 1.000000
7 4760.000000 8569 0.308700 3397 1.156517 0.000000 1.189787 1.189787 1.000000 -0.265625 1.000000
7 4900.000000 10 0.323700 3343 1.157918 0.000000 1.185421 1.185421 1.000000 -0.292683 1.000000
7 4900.000000 8569 0.319000 3409 1.154479 0.000000 1.188253 1.188253 1.000000 -0.283237 1.000000
7 5040.000000 10 0.324600 3388 1.159313 0.000000 1.192034 1.192034 1.000000 -0.279187 1.000000
7 5040.000000 8569 0.320400 3410 1.150530 0.000000 1.182019 1.182019 1.000000 -0.300000 1.000000
7 5180.000000 10 0.332800 3405 1.157224 0.000000 1.184802 1.184802 1.000000 -0.281915 1.000000
7 5180.000000 8569 0.321900 3486 1.154255 0.000000 1.185666 1.185666 1.000000 -0.326633 1.000000
7 5320.000000 10 0.342700 3411 1.152290 0.000000 1.180892 1.180892 1.000000 -0.263158 1.000000
7 5320.000000 8569 0.339200 3489 1.149062 0.000000 1.179631 1.179631 1.000000 -0.189320 1.000000
7 5460.000000 10 0.342000 3447 1.160182 0.000000 1.190426 1.190426 1.000000 -0.268421 1.000000
7 5460.000000 8569 0.341600 3421 1.137910 0.000000 1.165857 1.165857 1.000000 -0.208333 1.000000
7 5600.000000 10 0.349300 3468 1.159367 0.000000 1.190257 1.190257 1.000000 -0.270588 1.000000
7 5600.000000 8569 0.348000 3499 1.151227 0.000000 1.181288 1.181288 1.000000 -0.201183 1.000000
7 5740.000000 10 0.359400 3462 1.137996 0.000000 1.165158 1.165158 1.000000 -0.284153 1.000000
7 5740.000000 8569 0.354400 3472 1.142038 0.000000 1.168990 1.168990 1.000000 -0.204878 1.000000
7 5880.000000 10 0.360100 3548 1.146585 0.000000 1.178778 1.178778 1.000000 -0.235602 1.000000
7 5880.000000 8569 0.362000 3454 1.133542 0.000000 1.162382 1.162382 1.000000 -0.233918 1.000000
7 6020.000000 10 0.370300 3539 1.149754 0.000000 1.176592 1.176592 1.000000 -0.302325 1.000000
7 6020.000000 8569 0.363700 3525 1.129027 0.000000 1.157316 1.157316 1.000000 -0.307262 1.000000
7 6160.000000 10 0.375400 3495 1.137688 0.000000 1.167147 1.167147 1.000000 -0.297297 1.000000
7 6160.000000 8569 0.368300 3541 1.138040 0.000000 1.167326 1.167326 1.000000 -0.270115 1.000000
7 6300.000000 10 0.375100 3502 1.137142 0.000000 1.166587 1.166587 1.000000 -0.276470 1.000000
7 6300.000000 8569 0.369400 3593 1.143514 0.000000 1.171424 1.171424 1.000000 -0.230337 1.000000
7 6440.000000 10 0.374100 3532 1.129893 0.000000 1.152900 1.152900 1.000000 -0.294871 1.000000
7 6440.000000 8569 0.377600 3567 1.137853 0.000000 1.167577 1.167577 1.000000 -0.233918 1.000000
7 6580.000000 10 0.381300 3538 1.126879 0.000000 1.151931 1.151931 1.000000 -0.209677 1.000000
7 6580.000000 8569 0.380700 3532 1.132408 0.000000 1.155498 1.155498 1.000000 -0.184079 1.000000
7 6720.000000 10 0.387200 3572 1.137565 0.000000 1.164980 1.164980 1.000000 -0.293785 1.000000
7 6720.000000 8569 0.392000 3541 1.127961 0.000000 1.155428 1.155428 1.000000 -0.220930 1.000000
7 6860.000000 10 0.388900 3563 1.135984 0.000000 1.163148 1.163148 1.000000 -0.291005 1.000000
7 6860.000000 8569 0.393400 3533 1.126278 0.000000 1.154632 1.154632 1.000000 -0.232258 1.000000
7 7000.000000 10 0.391100 3538 1.128100 0.000000 1.149778 1.149778 1.000000 -0.175610 1.000000
7 7000.000000 8569 0.396300 3581 1.126222 0.000000 1.154050 1.154050 1.000000 -0.346820 1.000000
