1 20.000000 10 0.000000 37 1.000000 0.000000 1.000000 1.000000 0.547025 0.094771 0.589954
1 20.000000 8569 0.000000 43 1.000000 0.000000 1.000000 1.000000 0.545528 0.095191 0.588790
1 40.000000 10 0.000000 69 1.000000 0.000000 1.000400 1.000400 0.812281 0.041590 0.820089
1 40.000000 8569 0.000000 70 1.000000 0.000000 1.000500 1.000500 0.822894 0.039394 0.829870
1 60.000000 10 0.000000 94 1.000000 0.000000 1.004500 1.004500 0.900652 0.022502 0.902888
1 60.000000 8569 0.000100 93 1.000000 0.000000 1.005101 1.005101 0.905144 0.021549 0.907188
1 80.000000 10 0.001000 114 1.000000 0.000000 1.018619 1.018619 0.922944 0.017696 0.924308
1 80.000000 8569 0.000900 118 1.000000 0.000000 1.021019 1.021019 0.922775 0.017786 0.924149
1 100.000000 10 0.005500 142 1.000000 0.000000 1.052790 1.052790 0.931084 0.016242 0.932203
1 100.000000 8569 0.005800 148 1.000000 0.000000 1.050795 1.050795 0.930315 0.016425 0.931460
1 120.000000 10 0.018800 173 1.000000 0.000000 1.096311 1.096311 0.934588 0.016012 0.935635
1 120.000000 8569 0.018000 170 1.000000 0.000000 1.090122 1.090122 0.933200 0.016300 0.934289
1 140.000000 10 0.036200 194 1.000000 0.000000 1.129487 1.129487 0.936609 0.016079 0.937628
1 140.000000 8569 0.037100 193 1.000000 0.000000 1.138748 1.138748 0.937088 0.016069 0.938099
1 160.000000 10 0.063300 219 1.000000 0.000000 1.168357 1.168357 0.938668 0.016334 0.939670
1 160.000000 8569 0.067700 217 1.000000 0.000000 1.168401 1.168401 0.938973 0.016289 0.939967
1 180.000000 10 0.090000 240 1.000000 0.000000 1.191648 1.191648 0.940818 0.016351 0.941786
1 180.000000 8569 0.094700 246 1.000000 0.000000 1.196289 1.196289 0.941212 0.016357 0.942174
1 200.000000 10 0.118700 253 1.000000 0.000000 1.214456 1.214456 0.942778 0.016454 0.943720
1 200.000000 8569 0.112700 262 1.000000 0.000000 1.207709 1.207709 0.942644 0.016337 0.943581
1 220.000000 10 0.149100 275 1.000000 0.000000 1.228582 1.228582 0.945219 0.016331 0.946113
1 220.000000 8569 0.135900 276 1.000000 0.000000 1.215484 1.215484 0.943754 0.016467 0.944680
1 240.000000 10 0.163800 299 1.000000 0.000000 1.231643 1.231643 0.946504 0.016316 0.947377
1 240.000000 8569 0.161600 298 1.000000 0.000000 1.231751 1.231751 0.946027 0.016296 0.946907
1 260.000000 10 0.185200 308 1.000000 0.000000 1.240673 1.240673 0.947735 0.016256 0.948584
1 260.000000 8569 0.183500 309 1.000000 0.000000 1.244458 1.244458 0.947299 0.016366 0.948162
1 280.000000 10 0.206400 335 1.000000 0.000000 1.232611 1.232611 0.947411 0.016636 0.948286
1 280.000000 8569 0.203600 329 1.000000 0.000000 1.243219 1.243219 0.947205 0.016689 0.948086
1 300.000000 10 0.225400 345 1.000000 0.000000 1.249290 1.249290 0.949888 0.016310 0.950705
1 300.000000 8569 0.223800 335 1.000000 0.000000 1.237825 1.237825 0.949503 0.016273 0.950324
1 320.000000 10 0.239100 341 1.000000 0.000000 1.250756 1.250756 0.950462 0.016409 0.951275
1 320.000000 8569 0.237600 345 1.000000 0.000000 1.242392 1.242392 0.949461 0.016471 0.950293
1 340.000000 10 0.260500 353 1.000000 0.000000 1.256525 1.256525 0.951697 0.016241 0.952481
1 340.000000 8569 0.249700 348 1.000000 0.000000 1.239904 1.239904 0.949842 0.016550 0.950672
1 360.000000 10 0.270700 381 1.000000 0.000000 1.259975 1.259975 0.951647 0.016493 0.952445
1 360.000000 8569 0.269900 371 1.000000 0.000000 1.252842 1.252842 0.952185 0.016223 0.952961
1 380.000000 10 0.291400 383 1.000000 0.000000 1.244990 1.244990 0.952245 0.016375 0.953027
1 380.000000 8569 0.284000 389 1.000000 0.000000 1.256844 1.256844 0.950755 0.016959 0.951590
1 400.000000 10 0.304200 399 1.000000 0.000000 1.263007 1.263007 0.952583 0.016619 0.953371
1 400.000000 8569 0.294000 382 1.000000 0.000000 1.251841 1.251841 0.951749 0.016667 0.952553
1 420.000000 10 0.312100 410 1.000000 0.000000 1.246838 1.246838 0.952788 0.016568 0.953570
1 420.000000 8569 0.304300 400 1.000000 0.000000 1.248527 1.248527 0.952517 0.016556 0.953303
1 440.000000 10 0.325700 426 1.000000 0.000000 1.261160 1.261160 0.954025 0.016417 0.954779
1 440.000000 8569 0.312000 417 1.000000 0.000000 1.252616 1.252616 0.953303 0.016430 0.954070
1 460.000000 10 0.337800 425 1.000000 0.000000 1.243129 1.243129 0.953481 0.016603 0.954253
1 460.000000 8569 0.329000 433 1.000000 0.000000 1.257079 1.257079 0.954042 0.016482 0.954799
1 480.000000 10 0.344900 444 1.000000 0.000000 1.257060 1.257060 0.954944 0.016389 0.955682
1 480.000000 8569 0.337000 451 1.000000 0.000000 1.260935 1.260935 0.954539 0.016527 0.955290
1 500.000000 10 0.355600 445 1.000000 0.000000 1.257449 1.257449 0.955301 0.016361 0.956033
1 500.000000 8569 0.350200 452 1.000000 0.000000 1.263466 1.263466 0.954127 0.016744 0.954895
1 520.000000 10 0.369400 455 1.000000 0.000000 1.262607 1.262607 0.954999 0.016669 0.955749
1 520.000000 8569 0.359700 457 1.000000 0.000000 1.254568 1.254568 0.954404 0.016722 0.955166
1 540.000000 10 0.373900 462 1.000000 0.000000 1.249321 1.249321 0.956550 0.016095 0.957250
1 540.000000 8569 0.368400 473 1.000000 0.000000 1.249050 1.249050 0.955035 0.016590 0.955781
1 560.000000 10 0.376400 479 1.000000 0.000000 1.258018 1.258018 0.956014 0.016518 0.956740
1 560.000000 8569 0.378300 471 1.000000 0.000000 1.239987 1.239987 0.955779 0.016397 0.956504
1 580.000000 10 0.393000 500 1.000000 0.000000 1.251565 1.251565 0.956071 0.016594 0.956800
1 580.000000 8569 0.381900 481 1.000000 0.000000 1.243973 1.243973 0.955694 0.016466 0.956424
1 600.000000 10 0.396100 498 1.000000 0.000000 1.254844 1.254844 0.956507 0.016549 0.957227
1 600.000000 8569 0.395300 488 1.000000 0.000000 1.248057 1.248057 0.956307 0.016565 0.957031
1 620.000000 10 0.404000 505 1.000000 0.000000 1.242282 1.242282 0.956729 0.016330 0.957435
1 620.000000 8569 0.401300 503 1.000000 0.000000 1.240688 1.240688 0.956223 0.016654 0.956952
1 640.000000 10 0.414000 507 1.000000 0.000000 1.251024 1.251024 0.957319 0.016501 0.958023
1 640.000000 8569 0.403400 502 1.000000 0.000000 1.245055 1.245055 0.956138 0.016791 0.956874
1 660.000000 10 0.430200 516 1.000000 0.000000 1.244296 1.244296 0.956635 0.016739 0.957361
1 660.000000 8569 0.410500 527 1.000000 0.000000 1.239864 1.239864 0.956446 0.016678 0.957172
1 680.000000 10 0.427100 530 1.000000 0.000000 1.246640 1.246640 0.957951 0.016325 0.958637
1 680.000000 8569 0.417900 523 1.000000 0.000000 1.242226 1.242226 0.956955 0.016659 0.957672
1 700.000000 10 0.433400 531 1.000000 0.000000 1.232792 1.232792 0.957233 0.016457 0.957937
1 700.000000 8569 0.423300 532 1.000000 0.000000 1.249523 1.249523 0.957432 0.016551 0.958137
1 720.000000 10 0.438300 557 1.000000 0.000000 1.240876 1.240876 0.957152 0.016703 0.957868
1 720.000000 8569 0.432700 544 1.000000 0.000000 1.239027 1.239027 0.957434 0.016460 0.958135
1 740.000000 10 0.449200 565 1.000000 0.000000 1.235476 1.235476 0.958256 0.016352 0.958939
1 740.000000 8569 0.435800 561 1.000000 0.000000 1.243531 1.243531 0.957032 0.016824 0.957755
1 760.000000 10 0.449500 558 1.000000 0.000000 1.223978 1.223978 0.958179 0.016194 0.958857
1 760.000000 8569 0.441000 557 1.000000 0.000000 1.229338 1.229338 0.957123 0.016689 0.957839
1 780.000000 10 0.455300 584 1.000000 0.000000 1.242152 1.242152 0.958391 0.016590 0.959082
1 780.000000 8569 0.450900 566 1.000000 0.000000 1.233473 1.233473 0.957968 0.016687 0.958669
1 800.000000 10 0.465000 584 1.000000 0.000000 1.237009 1.237009 0.958605 0.016462 0.959286
1 800.000000 8569 0.457000 566 1.000000 0.000000 1.250460 1.250460 0.958625 0.016556 0.959310
1 820.000000 10 0.474000 578 1.000000 0.000000 1.232129 1.232129 0.958172 0.016560 0.958865
1 820.000000 8569 0.459100 589 1.000000 0.000000 1.234609 1.234609 0.957953 0.016793 0.958659
1 840.000000 10 0.480100 602 1.000000 0.000000 1.225813 1.225813 0.958765 0.016456 0.959444
1 840.000000 8569 0.472000 596 1.000000 0.000000 1.235795 1.235795 0.959011 0.016416 0.959684
1 860.000000 10 0.484100 596 1.000000 0.000000 1.236480 1.236480 0.958966 0.016367 0.959637
1 860.000000 8569 0.475100 602 1.000000 0.000000 1.231282 1.231282 0.959380 0.016334 0.960043
1 880.000000 10 0.486700 595 1.000000 0.000000 1.218975 1.218975 0.958611 0.016433 0.959291
1 880.000000 8569 0.478500 606 1.000000 0.000000 1.238926 1.238926 0.958783 0.016638 0.959469
1 900.000000 10 0.494000 613 1.000000 0.000000 1.229249 1.229249 0.960081 0.016095 0.960723
1 900.000000 8569 0.486800 622 1.000000 0.000000 1.232268 1.232268 0.958789 0.016703 0.959477
1 920.000000 10 0.493600 634 1.000000 0.000000 1.233807 1.233807 0.959393 0.016344 0.960057
1 920.000000 8569 0.490100 611 1.000000 0.000000 1.231026 1.231026 0.959214 0.016476 0.959886
1 940.000000 10 0.494000 618 1.000000 0.000000 1.236166 1.236166 0.959849 0.016321 0.960505
1 940.000000 8569 0.495900 632 1.000000 0.000000 1.225154 1.225154 0.958775 0.016662 0.959462
1 960.000000 10 0.500300 627 1.000000 0.000000 1.212327 1.212327 0.959142 0.016358 0.959810
1 960.000000 8569 0.499300 629 1.000000 0.000000 1.226683 1.226683 0.958994 0.016687 0.959678
1 980.000000 10 0.502300 627 1.000000 0.000000 1.215793 1.215793 0.959773 0.016246 0.960426
1 980.000000 8569 0.505200 647 1.000000 0.000000 1.226354 1.226354 0.959567 0.016490 0.960234
1 1000.000000 10 0.512200 639 1.000000 0.000000 1.221607 1.221607 0.958930 0.016564 0.959610
1 1000.000000 8569 0.506800 638 1.000000 0.000000 1.230738 1.230738 0.960201 0.016374 0.960853
4 80.000000 10 0.000000 110 1.000000 0.000000 1.000000 1.000000 1.000000 -0.116596 1.000000
4 80.000000 8569 0.000000 111 1.000000 0.000000 1.000000 1.000000 1.000000 -0.167378 1.000000
4 160.000000 10 0.000000 191 1.000000 0.000000 1.000000 1.000000 1.000000 -0.774603 1.000000
4 160.000000 8569 0.000000 204 1.000000 0.000000 1.000000 1.000000 1.000000 -0.885470 1.000000
4 240.000000 10 0.000000 281 1.000000 0.000000 1.000000 1.000000 1.000000 -0.990632 1.000000
4 240.000000 8569 0.000000 293 1.000000 0.000000 1.000000 1.000000 1.000000 -0.902097 1.000000
4 320.000000 10 0.000000 372 1.000000 0.000000 1.000000 1.000000 1.000000 -1.012738 1.000000
4 320.000000 8569 0.000000 374 1.000000 0.000000 1.000000 1.000000 1.000000 -0.857575 1.000000
4 400.000000 10 0.000000 453 1.001100 0.000000 1.001100 1.001100 1.000000 -0.815884 1.000000
4 400.000000 8569 0.000000 449 1.000000 0.000000 1.000100 1.000100 1.000000 -0.870035 1.000000
4 480.000000 10 0.000600 548 1.009105 0.000000 1.011507 1.011507 1.000000 -0.806722 1.000000
4 480.000000 8569 0.000100 533 1.009801 0.000000 1.011901 1.011901 1.000000 -0.995073 1.000000
4 560.000000 10 0.003500 683 1.033818 0.000000 1.044456 1.044456 1.000000 -0.999999 1.000000
4 560.000000 8569 0.002900 646 1.029887 0.000000 1.037509 1.037509 1.000000 -0.753424 1.000000
4 640.000000 10 0.012500 804 1.074734 0.000000 1.097215 1.097215 1.000000 -0.847456 1.000000
4 640.000000 8569 0.013100 777 1.073564 0.000000 1.096970 1.096970 1.000000 -0.917158 1.000000
4 720.000000 10 0.028200 912 1.116588 0.000000 1.153838 1.153838 1.000000 -0.852563 1.000000
4 720.000000 8569 0.026800 877 1.111796 0.000000 1.146013 1.146013 1.000000 -0.748570 1.000000
4 800.000000 10 0.045700 1014 1.143561 0.000000 1.185686 1.185686 1.000000 -0.766916 1.000000
4 800.000000 8569 0.047400 961 1.130170 0.000000 1.171636 1.171636 1.000000 -0.730495 1.000000
4 880.000000 10 0.071900 1124 1.163775 0.000000 1.216356 1.216356 1.000000 -0.787877 1.000000
4 880.000000 8569 0.066900 1089 1.155396 0.000000 1.207266 1.207266 1.000000 -0.887998 1.000000
4 960.000000 10 0.090300 1158 1.171925 0.000000 1.226558 1.226558 1.000000 -1.101120 1.000000
4 960.000000 8569 0.090400 1189 1.167766 0.000000 1.222845 1.222845 1.000000 -1.039601 1.000000
4 1040.000000 10 0.109300 1257 1.184013 0.000000 1.240485 1.240485 1.000000 -0.990096 1.000000
4 1040.000000 8569 0.108800 1233 1.180543 0.000000 1.242370 1.242370 1.000000 -0.923074 1.000000
4 1120.000000 10 0.128200 1311 1.185364 0.000000 1.243863 1.243863 1.000000 -1.040813 1.000000
4 1120.000000 8569 0.130400 1323 1.182383 0.000000 1.239075 1.239075 1.000000 -0.801885 1.000000
4 1200.000000 10 0.150600 1393 1.199317 0.000000 1.260419 1.260419 1.000000 -1.154758 1.000000
4 1200.000000 8569 0.144500 1387 1.189597 0.000000 1.250614 1.250614 1.000000 -0.839998 1.000000
4 1280.000000 10 0.162600 1454 1.195844 0.000000 1.257464 1.257464 1.000000 -1.102269 1.000000
4 1280.000000 8569 0.163700 1408 1.184384 0.000000 1.248117 1.248117 1.000000 -0.663550 1.000000
4 1360.000000 10 0.179500 1510 1.190859 0.000000 1.252773 1.252773 1.000000 -1.188232 1.000000
4 1360.000000 8569 0.171500 1454 1.182740 0.000000 1.243331 1.243331 1.000000 -0.765955 1.000000
4 1440.000000 10 0.198900 1565 1.199975 0.000000 1.261765 1.261765 1.000000 -0.890241 1.000000
4 1440.000000 8569 0.189000 1528 1.181874 0.000000 1.245993 1.245993 1.000000 -0.945943 1.000000
4 1520.000000 10 0.209000 1623 1.192794 0.000000 1.253477 1.253477 1.000000 -0.910110 1.000000
4 1520.000000 8569 0.205200 1587 1.189104 0.000000 1.251761 1.251761 1.000000 -0.871792 1.000000
4 1600.000000 10 0.219700 1654 1.190568 0.000000 1.251442 1.251442 1.000000 -0.985290 1.000000
4 1600.000000 8569 0.215500 1608 1.185978 0.000000 1.250223 1.250223 1.000000 -1.093020 1.000000
4 1680.000000 10 0.235200 1696 1.185277 0.000000 1.250915 1.250915 1.000000 -0.772149 1.000000
4 1680.000000 8569 0.227500 1658 1.179935 0.000000 1.240388 1.240388 1.000000 -0.903612 1.000000
4 1760.000000 10 0.243900 1753 1.190054 0.000000 1.251951 1.251951 1.000000 -0.972219 1.000000
4 1760.000000 8569 0.242400 1730 1.181362 0.000000 1.249076 1.249076 1.000000 -0.876540 1.000000
4 1840.000000 10 0.260400 1786 1.189697 0.000000 1.252163 1.252163 1.000000 -0.968746 1.000000
4 1840.000000 8569 0.257800 1764 1.186742 0.000000 1.254244 1.254244 1.000000 -0.662789 1.000000
4 1920.000000 10 0.271100 1805 1.184387 0.000000 1.246536 1.246536 1.000000 -1.031742 1.000000
4 1920.000000 8569 0.262000 1772 1.177778 0.000000 1.237263 1.237263 1.000000 -0.752939 1.000000
4 2000.000000 10 0.278200 1886 1.185231 0.000000 1.243973 1.243973 1.000000 -0.773331 1.000000
4 2000.000000 8569 0.272600 1818 1.184493 0.000000 1.246219 1.246219 1.000000 -0.802323 1.000000
4 2080.000000 10 0.293300 1892 1.182963 0.000000 1.250035 1.250035 1.000000 -0.867644 1.000000
4 2080.000000 8569 0.277600 1842 1.176218 0.000000 1.239480 1.239480 1.000000 -0.949364 1.000000
4 2160.000000 10 0.302000 1893 1.174642 0.000000 1.231805 1.231805 1.000000 -0.826664 1.000000
4 2160.000000 8569 0.293000 1884 1.178925 0.000000 1.238614 1.238614 1.000000 -0.728393 1.000000
4 2240.000000 10 0.307400 1931 1.165175 0.000000 1.220618 1.220618 1.000000 -0.909088 1.000000
4 2240.000000 8569 0.301900 1943 1.179774 0.000000 1.242086 1.242086 1.000000 -0.879997 1.000000
4 2320.000000 10 0.318200 1957 1.175858 0.000000 1.237313 1.237313 1.000000 -1.050843 1.000000
4 2320.000000 8569 0.309300 1930 1.165195 0.000000 1.221659 1.221659 1.000000 -0.785711 1.000000
4 2400.000000 10 0.327400 2008 1.172762 0.000000 1.234761 1.234761 1.000000 -1.087715 1.000000
4 2400.000000 8569 0.317300 1940 1.165080 0.000000 1.227333 1.227333 1.000000 -0.760561 1.000000
4 2480.000000 10 0.332000 2036 1.165419 0.000000 1.226946 1.226946 1.000000 -1.089281 1.000000
4 2480.000000 8569 0.322200 1966 1.169962 0.000000 1.224402 1.224402 1.000000 -0.878375 1.000000
4 2560.000000 10 0.338800 2048 1.158953 0.000000 1.218391 1.218391 1.000000 -0.699998 1.000000
4 2560.000000 8569 0.329200 2046 1.170394 0.000000 1.231515 1.231515 1.000000 -0.814283 1.000000
4 2640.000000 10 0.346600 2089 1.165595 0.000000 1.218396 1.218396 1.000000 -0.816899 1.000000
4 2640.000000 8569 0.341500 2034 1.163402 0.000000 1.218375 1.218375 1.000000 -0.828569 1.000000
4 2720.000000 10 0.355400 2096 1.156221 0.000000 1.206174 1.206174 1.000000 -0.999997 1.000000
4 2720.000000 8569 0.344300 2068 1.167607 0.000000 1.216562 1.216562 1.000000 -0.767121 1.000000
4 2800.000000 10 0.362700 2138 1.163816 0.000000 1.221560 1.221560 1.000000 -0.982755 1.000000
4 2800.000000 8569 0.354100 2106 1.156216 0.000000 1.210869 1.210869 1.000000 -0.684929 1.000000
4 2880.000000 10 0.373600 2147 1.157567 0.000000 1.215837 1.215837 1.000000 -0.757140 1.000000
4 2880.000000 8569 0.360800 2157 1.154568 0.000000 1.211202 1.211202 1.000000 -0.662498 1.000000
4 2960.000000 10 0.375200 2160 1.150768 0.000000 1.204065 1.204065 1.000000 -0.999996 1.000000
4 2960.000000 8569 0.368600 2175 1.160754 0.000000 1.217295 1.217295 1.000000 -0.753621 1.000000
4 3040.000000 10 0.382200 2215 1.153286 0.000000 1.210424 1.210424 1.000000 -0.874997 1.000000
4 3040.000000 8569 0.369400 2151 1.151126 0.000000 1.204091 1.204091 1.000000 -0.743241 1.000000
4 3120.000000 10 0.388200 2208 1.150212 0.000000 1.203988 1.203988 1.000000 -0.950816 1.000000
4 3120.000000 8569 0.375100 2214 1.158425 0.000000 1.212194 1.212194 1.000000 -0.761191 1.000000
4 3200.000000 10 0.394400 2231 1.146301 0.000000 1.196169 1.196169 1.000000 -1.105259 1.000000
4 3200.000000 8569 0.382400 2216 1.150259 0.000000 1.204177 1.204177 1.000000 -0.735292 1.000000
4 3280.000000 10 0.397200 2226 1.147478 0.000000 1.201891 1.201891 1.000000 -0.924239 1.000000
4 3280.000000 8569 0.387800 2242 1.146521 0.000000 1.200751 1.200751 1.000000 -0.830983 1.000000
4 3360.000000 10 0.403000 2213 1.138023 0.000000 1.191122 1.191122 1.000000 -1.062495 1.000000
4 3360.000000 8569 0.397100 2251 1.144303 0.000000 1.196384 1.196384 1.000000 -0.736840 1.000000
4 3440.000000 10 0.410000 2227 1.137288 0.000000 1.183729 1.183729 1.000000 -0.737702 1.000000
4 3440.000000 8569 0.402500 2282 1.140418 0.000000 1.194310 1.194310 1.000000 -0.753422 1.000000
4 3520.000000 10 0.420700 2260 1.134127 0.000000 1.183843 1.183843 1.000000 -0.984124 1.000000
4 3520.000000 8569 0.405700 2281 1.139324 0.000000 1.189467 1.189467 1.000000 -0.716416 1.000000
4 3600.000000 10 0.415000 2273 1.143248 0.000000 1.188718 1.188718 1.000000 -0.843747 1.000000
4 3600.000000 8569 0.407900 2326 1.144908 0.000000 1.199797 1.199797 1.000000 -0.885712 1.000000
4 3680.000000 10 0.422100 2271 1.131511 0.000000 1.177020 1.177020 1.000000 -0.793648 1.000000
4 3680.000000 8569 0.411600 2329 1.136642 0.000000 1.189327 1.189327 1.000000 -0.708331 1.000000
4 3760.000000 10 0.419600 2320 1.127843 0.000000 1.172812 1.172812 1.000000 -0.815382 1.000000
4 3760.000000 8569 0.420300 2333 1.139210 0.000000 1.184061 1.184061 1.000000 -0.859372 1.000000
4 3840.000000 10 0.430700 2335 1.132970 0.000000 1.177587 1.177587 1.000000 -1.207542 1.000000
4 3840.000000 8569 0.428000 2340 1.134091 0.000000 1.187063 1.187063 1.000000 -0.770489 1.000000
4 3920.000000 10 0.437200 2326 1.128643 0.000000 1.177505 1.177505 1.000000 -1.019996 1.000000
4 3920.000000 8569 0.427900 2327 1.130397 0.000000 1.181612 1.181612 1.000000 -0.527025 1.000000
4 4000.000000 10 0.441600 2315 1.127507 0.000000 1.174785 1.174785 1.000000 -1.037033 1.000000
4 4000.000000 8569 0.436300 2398 1.141210 0.000000 1.186624 1.186624 1.000000 -0.690139 1.000000
7 140.000000 10 0.000000 176 1.000000 0.000000 1.000000 1.000000 1.000000 -0.104742 1.000000
7 140.000000 8569 0.000000 182 1.000000 0.000000 1.000000 1.000000 1.000000 -0.074022 1.000000
7 280.000000 10 0.000000 328 1.000000 0.000000 1.000000 1.000000 1.000000 -0.079235 1.000000
7 280.000000 8569 0.000000 336 1.000000 0.000000 1.000000 1.000000 1.000000 -0.055605 1.000000
7 420.000000 10 0.000000 470 1.000000 0.000000 1.000000 1.000000 1.000000 -0.119867 1.000000
7 420.000000 8569 0.000000 468 1.000000 0.000000 1.000000 1.000000 1.000000 -0.035126 1.000000
7 560.000000 10 0.000000 629 1.000000 0.000000 1.000000 1.000000 1.000000 -0.189258 1.000000
7 560.000000 8569 0.000000 606 1.000000 0.000000 1.000000 1.000000 1.000000 -0.216898 1.000000
7 700.000000 10 0.000000 773 1.000000 0.000000 1.000000 1.000000 1.000000 -0.246223 1.000000
7 700.000000 8569 0.000000 758 1.000000 0.000000 1.000000 1.000000 1.000000 -0.223101 1.000000
7 840.000000 10 0.000000 914 1.000700 0.000000 1.000700 1.000700 1.000000 -0.242958 1.000000
7 840.000000 8569 0.000000 900 1.000000 0.000000 1.000000 1.000000 1.000000 -0.207477 1.000000
7 980.000000 10 0.000700 1100 1.013610 0.000000 1.015911 1.015911 1.000000 -0.216942 1.000000
7 980.000000 8569 0.000200 1071 1.009802 0.000000 1.011302 1.011302 1.000000 -0.213808 1.000000
7 1120.000000 10 0.004800 1297 1.044514 0.000000 1.049739 1.049739 1.000000 -0.289926 1.000000
7 1120.000000 8569 0.003800 1262 1.047480 0.000000 1.053303 1.053303 1.000000 -0.156118 1.000000
7 1260.000000 10 0.013300 1528 1.090301 0.000000 1.103679 1.103679 1.000000 -0.230769 1.000000
7 1260.000000 8569 0.013100 1485 1.098389 0.000000 1.111865 1.111865 1.000000 -0.219895 1.000000
7 1400.000000 10 0.029300 1700 1.124240 0.000000 1.142062 1.142062 1.000000 -0.222857 1.000000
7 1400.000000 8569 0.028500 1665 1.119918 0.000000 1.136387 1.136387 1.000000 -0.264264 1.000000
7 1540.000000 10 0.046800 1894 1.154532 0.000000 1.177298 1.177298 1.000000 -0.300000 1.000000
7 1540.000000 8569 0.047900 1844 1.143787 0.000000 1.170885 1.170885 1.000000 -0.227692 1.000000
7 1680.000000 10 0.064200 2017 1.164886 0.000000 1.192456 1.192456 1.000000 -0.273026 1.000000
7 1680.000000 8569 0.066400 1992 1.160561 0.000000 1.185518 1.185518 1.000000 -0.214047 1.000000
7 1820.000000 10 0.083200 2113 1.169503 0.000000 1.196444 1.196444 1.000000 -0.292135 1.000000
7 1820.000000 8569 0.086100 2091 1.161724 0.000000 1.190065 1.190065 1.000000 -0.225913 1.000000
7 1960.000000 10 0.098600 2241 1.178833 0.000000 1.205347 1.205347 1.000000 -0.304878 1.000000
7 1960.000000 8569 0.098000 2187 1.171175 0.000000 1.198004 1.198004 1.000000 -0.276515 1.000000
7 2100.000000 10 0.116900 2330 1.173819 0.000000 1.206092 1.206092 1.000000 -0.312253 1.000000
7 2100.000000 8569 0.115900 2314 1.179052 0.000000 1.207329 1.207329 1.000000 -0.263158 1.000000
7 2240.000000 10 0.128600 2422 1.180055 0.000000 1.210007 1.210007 1.000000 -0.233606 1.000000
7 2240.000000 8569 0.130800 2415 1.178900 0.000000 1.209043 1.209043 1.000000 -0.197026 1.000000
7 2380.000000 10 0.143700 2542 1.181829 0.000000 1.212659 1.212659 1.000000 -0.317073 1.000000
7 2380.000000 8569 0.144400 2458 1.178939 0.000000 1.207106 1.207106 1.000000 -0.391489 1.000000
7 2520.000000 10 0.157800 2648 1.182854 0.000000 1.217763 1.217763 1.000000 -0.257936 1.000000
7 2520.000000 8569 0.158600 2534 1.173045 0.000000 1.200975 1.200975 1.000000 -0.222222 1.000000
7 2660.000000 10 0.172900 2667 1.168541 0.000000 1.197195 1.197195 1.000000 -0.304347 1.000000
7 2660.000000 8569 0.172000 2599 1.170894 0.000000 1.201932 1.201932 1.000000 -0.246862 1.000000
7 2800.000000 10 0.182700 2755 1.171908 0.000000 1.200416 1.200416 1.000000 -0.353488 1.000000
7 2800.000000 8569 0.184400 2714 1.175821 0.000000 1.208068 1.208068 1.000000 -0.272727 1.000000
7 2940.000000 10 0.197000 2780 1.169614 0.000000 1.196887 1.196887 1.000000 -0.234234 1.000000
7 2940.000000 8569 0.195500 2802 1.169298 0.000000 1.200249 1.200249 1.000000 -0.338028 1.000000
7 3080.000000 10 0.206700 2822 1.174461 0.000000 1.206983 1.206983 1.000000 -0.279476 1.000000
7 3080.000000 8569 0.206500 2843 1.161437 0.000000 1.191808 1.191808 1.000000 -0.296460 1.000000
7 3220.000000 10 0.216600 2925 1.169645 0.000000 1.204110 1.204110 1.000000 -0.311557 1.000000
7 3220.000000 8569 0.216400 2844 1.150077 0.000000 1.179173 1.179173 1.000000 -0.172566 1.000000
7 3360.000000 10 0.232400 2951 1.166493 0.000000 1.190855 1.190855 1.000000 -0.370731 1.000000
7 3360.000000 8569 0.225900 2929 1.158377 0.000000 1.188994 1.188994 1.000000 -0.213974 1.000000
7 3500.000000 10 0.233900 2991 1.159770 0.000000 1.187312 1.187312 1.000000 -0.376884 1.000000
7 3500.000000 8569 0.237400 2963 1.157619 0.000000 1.185812 1.185812 1.000000 -0.215962 1.000000
7 3640.000000 10 0.249900 3029 1.150913 0.000000 1.180509 1.180509 1.000000 -0.306930 1.000000
7 3640.000000 8569 0.244400 2993 1.158020 0.000000 1.184621 1.184621 1.000000 -0.226666 1.000000
7 3780.000000 10 0.255800 3087 1.161113 0.000000 1.190003 1.190003 1.000000 -0.342592 1.000000
7 3780.000000 8569 0.256500 3008 1.149563 0.000000 1.177135 1.177135 1.000000 -0.259615 1.000000
7 3920.000000 10 0.268200 3091 1.156873 0.000000 1.188986 1.188986 1.000000 -0.370000 1.000000
7 3920.000000 8569 0.264500 3085 1.146159 0.000000 1.174167 1.174167 1.000000 -0.302702 1.000000
7 4060.000000 10 0.277900 3121 1.149564 0.000000 1.179338 1.179338 1.000000 -0.340101 1.000000
7 4060.000000 8569 0.272200 3132 1.147431 0.000000 1.176285 1.176285 1.000000 -0.242424 1.000000
7 4200.000000 10 0.282700 3168 1.154608 0.000000 1.180956 1.180956 1.000000 -0.336633 1.000000
7 4200.000000 8569 0.279500 3172 1.141985 0.000000 1.169049 1.169049 1.000000 -0.271276 1.000000
7 4340.000000 10 0.291200 3189 1.154345 0.000000 1.181574 1.181574 1.000000 -0.295082 1.000000
7 4340.000000 8569 0.284900 3210 1.144875 0.000000 1.167529 1.167529 1.000000 -0.268041 1.000000
7 4480.000000 10 0.297600 3206 1.148918 0.000000 1.173405 1.173405 1.000000 -0.261904 1.000000
7 4480.000000 8569 0.295500 3239 1.148758 0.000000 1.171327 1.171327 1.000000 -0.274285 1.000000
7 4620.000000 10 0.302300 3298 1.152214 0.000000 1.179303 1.179303 1.000000 -0.240000 1.000000
7 4620.000000 8569 0.306000 3228 1.138617 0.000000 1.161239 1.161239 1.000000 -0.256983 1.000000
7 4760.000000 10 0.313600 3226 1.140880 0.000000 1.169580 1.169580 1.000000 -0.264550 1.000000
7 4760.000000 8569 0.307400 3315 1.142940 0.000000 1.167918 1.167918 1.000000 -0.269430 1.000000
7 4900.000000 10 0.322200 3256 1.145323 0.000000 1.166126 1.166126 1.000000 -0.278048 1.000000
7 4900.000000 8569 0.311800 3298 1.138768 0.000000 1.166667 1.166667 1.000000 -0.305882 1.000000
7 5040.000000 10 0.324300 3323 1.137635 0.000000 1.165606 1.165606 1.000000 -0.265193 1.000000
7 5040.000000 8569 0.319900 3374 1.141009 0.000000 1.167181 1.167181 1.000000 -0.273224 1.000000
7 5180.000000 10 0.330700 3364 1.137457 0.000000 1.160317 1.160317 1.000000 -0.239766 1.000000
7 5180.000000 8569 0.321800 3386 1.131082 0.000000 1.155411 1.155411 1.000000 -0.337016 1.000000
7 5320.000000 10 0.340900 3377 1.137612 0.000000 1.161281 1.161281 1.000000 -0.252688 1.000000
7 5320.000000 8569 0.336000 3388 1.132229 0.000000 1.154367 1.154367 1.000000 -0.226130 1.000000
7 5460.000000 10 0.338200 3392 1.134180 0.000000 1.158356 1.158356 1.000000 -0.271795 1.000000
7 5460.000000 8569 0.340000 3390 1.128030 0.000000 1.149697 1.149697 1.000000 -0.192708 1.000000
7 5600.000000 10 0.348400 3366 1.126151 0.000000 1.151013 1.151013 1.000000 -0.297752 1.000000
7 5600.000000 8569 0.347100 3350 1.122071 0.000000 1.143820 1.143820 1.000000 -0.217143 1.000000
7 5740.000000 10 0.357400 3419 1.130252 0.000000 1.154528 1.154528 1.000000 -0.333333 1.000000
7 5740.000000 8569 0.350700 3391 1.122902 0.000000 1.145541 1.145541 1.000000 -0.194872 1.000000
7 5880.000000 10 0.355600 3463 1.134233 0.000000 1.157821 1.157821 1.000000 -0.274725 1.000000
7 5880.000000 8569 0.355600 3406 1.120422 0.000000 1.143389 1.143389 1.000000 -0.209677 1.000000
7 6020.000000 10 0.364200 3469 1.132589 0.000000 1.152406 1.152406 1.000000 -0.313253 1.000000
7 6020.000000 8569 0.365500 3434 1.112687 0.000000 1.136328 1.136328 1.000000 -0.280487 1.000000
7 6160.000000 10 0.370100 3452 1.122400 0.000000 1.145896 1.145896 1.000000 -0.274285 1.000000
7 6160.000000 8569 0.365900 3443 1.114493 0.000000 1.137991 1.137991 1.000000 -0.289156 1.000000
7 6300.000000 10 0.376000 3486 1.126603 0.000000 1.149840 1.149840 1.000000 -0.218579 1.000000
7 6300.000000 8569 0.370600 3464 1.112806 0.000000 1.135526 1.135526 1.000000 -0.258064 1.000000
7 6440.000000 10 0.375800 3461 1.119994 0.000000 1.141461 1.141461 1.000000 -0.263473 1.000000
7 6440.000000 8569 0.377800 3459 1.119094 0.000000 1.139826 1.139826 1.000000 -0.162162 1.000000
7 6580.000000 10 0.381600 3500 1.118208 0.000000 1.144243 1.144243 1.000000 -0.251366 1.000000
7 6580.000000 8569 0.380100 3511 1.117116 0.000000 1.137764 1.137764 1.000000 -0.206704 1.000000
7 6720.000000 10 0.383000 3497 1.120097 0.000000 1.143922 1.143922 1.000000 -0.235294 1.000000
7 6720.000000 8569 0.388500 3499 1.116435 0.000000 1.139657 1.139657 1.000000 -0.218391 1.000000
7 6860.000000 10 0.391500 3504 1.117995 0.000000 1.141167 1.141167 1.000000 -0.268041 1.000000
7 6860.000000 8569 0.390800 3491 1.111786 0.000000 1.135424 1.135424 1.000000 -0.215469 1.000000
7 7000.000000 10 0.388600 3534 1.116127 0.000000 1.138207 1.138207 1.000000 -0.224043 1.000000
7 7000.000000 8569 0.392700 3529 1.112465 0.000000 1.133048 1.133048 1.000000 -0.277456 1.000000
