1 20.000000 10 0.000000 37 1.000000 0.000000 1.000000 1.000000 0.547025 0.094771 0.589954
1 20.000000 8569 0.000000 43 1.000000 0.000000 1.000000 1.000000 0.545528 0.095191 0.588790
1 40.000000 10 0.000400 69 1.000000 0.000000 1.000000 1.000000 0.812570 0.041540 0.820356
1 40.000000 8569 0.000200 70 1.000000 0.000000 1.000000 1.000000 0.818152 0.040406 0.825500
1 60.000000 10 0.003300 91 1.000000 0.000000 1.000000 1.000000 0.893719 0.024063 0.896277
1 60.000000 8569 0.003900 93 1.000000 0.000000 1.000000 1.000000 0.905241 0.021551 0.907283
1 80.000000 10 0.013200 106 1.000000 0.000000 1.000000 1.000000 0.920927 0.018197 0.922366
1 80.000000 8569 0.013600 109 1.000000 0.000000 1.000000 1.000000 0.922766 0.017810 0.924142
1 100.000000 10 0.030100 129 1.000000 0.000000 1.000000 1.000000 0.926119 0.017331 0.927400
1 100.000000 8569 0.028200 129 1.000000 0.000000 1.000000 1.000000 0.926952 0.017104 0.928201
1 120.000000 10 0.052800 145 1.000000 0.000000 1.000000 1.000000 0.930865 0.016584 0.932011
1 120.000000 8569 0.051700 150 1.000000 0.000000 1.000000 1.000000 0.932439 0.016196 0.933534
1 140.000000 10 0.078800 157 1.000000 0.000000 1.000000 1.000000 0.935247 0.015931 0.936279
1 140.000000 8569 0.075600 163 1.000000 0.000000 1.000000 1.000000 0.930899 0.016953 0.932071
1 160.000000 10 0.103100 172 1.000000 0.000000 1.000000 1.000000 0.936932 0.015884 0.937934
1 160.000000 8569 0.102100 176 1.000000 0.000000 1.000000 1.000000 0.935768 0.016179 0.936807
1 180.000000 10 0.131100 185 1.000000 0.000000 1.000000 1.000000 0.936507 0.016416 0.937549
1 180.000000 8569 0.126700 192 1.000000 0.000000 1.000000 1.000000 0.938721 0.015812 0.939690
1 200.000000 10 0.150900 195 1.000000 0.000000 1.000000 1.000000 0.939323 0.016008 0.940294
1 200.000000 8569 0.149700 209 1.000000 0.000000 1.000000 1.000000 0.939563 0.015973 0.940529
1 220.000000 10 0.174600 216 1.000000 0.000000 1.000000 1.000000 0.940534 0.016134 0.941493
1 220.000000 8569 0.163900 219 1.000000 0.000000 1.000000 1.000000 0.939821 0.016077 0.940789
1 240.000000 10 0.192100 227 1.000000 0.000000 1.000000 1.000000 0.939293 0.016697 0.940307
1 240.000000 8569 0.189800 239 1.000000 0.000000 1.000000 1.000000 0.941608 0.016008 0.942543
1 260.000000 10 0.203500 243 1.000000 0.000000 1.000000 1.000000 0.941649 0.016265 0.942598
1 260.000000 8569 0.200200 240 1.000000 0.000000 1.000000 1.000000 0.941598 0.016235 0.942546
1 280.000000 10 0.227700 247 1.000000 0.000000 1.000000 1.000000 0.943790 0.016033 0.944692
1 280.000000 8569 0.221600 253 1.000000 0.000000 1.000000 1.000000 0.943887 0.015908 0.944779
1 300.000000 10 0.246500 255 1.000000 0.000000 1.000000 1.000000 0.945008 0.015923 0.945884
1 300.000000 8569 0.239900 264 1.000000 0.000000 1.000000 1.000000 0.944008 0.016207 0.944916
1 320.000000 10 0.256800 268 1.000000 0.000000 1.000000 1.000000 0.946656 0.015692 0.947493
1 320.000000 8569 0.254100 277 1.000000 0.000000 1.000000 1.000000 0.944720 0.016126 0.945612
1 340.000000 10 0.269600 279 1.000000 0.000000 1.000000 1.000000 0.945522 0.016219 0.946406
1 340.000000 8569 0.268900 286 1.000000 0.000000 1.000000 1.000000 0.945630 0.016112 0.946506
1 360.000000 10 0.279100 293 1.000000 0.000000 1.000000 1.000000 0.946619 0.016039 0.947476
1 360.000000 8569 0.278400 296 1.000000 0.000000 1.000000 1.000000 0.946284 0.016144 0.947151
1 380.000000 10 0.302500 304 1.000000 0.000000 1.000000 1.000000 0.947258 0.016178 0.948111
1 380.000000 8569 0.293400 301 1.000000 0.000000 1.000000 1.000000 0.948038 0.015808 0.948859
1 400.000000 10 0.309100 304 1.000000 0.000000 1.000000 1.000000 0.946985 0.016346 0.947851
1 400.000000 8569 0.303200 315 1.000000 0.000000 1.000000 1.000000 0.947174 0.016208 0.948030
1 420.000000 10 0.320700 320 1.000000 0.000000 1.000000 1.000000 0.946840 0.016606 0.947723
1 420.000000 8569 0.316000 318 1.000000 0.000000 1.000000 1.000000 0.948005 0.016267 0.948851
1 440.000000 10 0.332700 330 1.000000 0.000000 1.000000 1.000000 0.948108 0.016361 0.948957
1 440.000000 8569 0.329200 322 1.000000 0.000000 1.000000 1.000000 0.947136 0.016633 0.948015
1 460.000000 10 0.343100 334 1.000000 0.000000 1.000000 1.000000 0.949724 0.016021 0.950530
1 460.000000 8569 0.340300 331 1.000000 0.000000 1.000000 1.000000 0.947861 0.016559 0.948724
1 480.000000 10 0.353100 349 1.000000 0.000000 1.000000 1.000000 0.950173 0.016023 0.950971
1 480.000000 8569 0.344000 346 1.000000 0.000000 1.000000 1.000000 0.948399 0.016490 0.949250
1 500.000000 10 0.360900 357 1.000000 0.000000 1.000000 1.000000 0.949051 0.016523 0.949893
1 500.000000 8569 0.357800 353 1.000000 0.000000 1.000000 1.000000 0.949064 0.016498 0.949904
1 520.000000 10 0.373100 368 1.000000 0.000000 1.000000 1.000000 0.950464 0.016300 0.951271
1 520.000000 8569 0.366600 358 1.000000 0.000000 1.000000 1.000000 0.949341 0.016539 0.950179
1 540.000000 10 0.382800 372 1.000000 0.000000 1.000000 1.000000 0.951547 0.016127 0.952328
1 540.000000 8569 0.370500 371 1.000000 0.000000 1.000000 1.000000 0.949515 0.016558 0.950351
1 560.000000 10 0.390400 375 1.000000 0.000000 1.000000 1.000000 0.950954 0.016517 0.951764
1 560.000000 8569 0.382100 372 1.000000 0.000000 1.000000 1.000000 0.950177 0.016535 0.951001
1 580.000000 10 0.391500 387 1.000000 0.000000 1.000000 1.000000 0.951677 0.016143 0.952457
1 580.000000 8569 0.389800 383 1.000000 0.000000 1.000000 1.000000 0.950097 0.016588 0.950924
1 600.000000 10 0.400000 395 1.000000 0.000000 1.000000 1.000000 0.952974 0.015870 0.953721
1 600.000000 8569 0.396400 394 1.000000 0.000000 1.000000 1.000000 0.951817 0.016251 0.952600
1 620.000000 10 0.408200 397 1.000000 0.000000 1.000000 1.000000 0.951798 0.016324 0.952585
1 620.000000 8569 0.405700 399 1.000000 0.000000 1.000000 1.000000 0.951387 0.016410 0.952185
1 640.000000 10 0.414500 408 1.000000 0.000000 1.000000 1.000000 0.952218 0.016284 0.952996
1 640.000000 8569 0.411300 414 1.000000 0.000000 1.000000 1.000000 0.951710 0.016513 0.952507
1 660.000000 10 0.420700 411 1.000000 0.000000 1.000000 1.000000 0.953645 0.015966 0.954385
1 660.000000 8569 0.414700 423 1.000000 0.000000 1.000000 1.000000 0.953008 0.016244 0.953771
1 680.000000 10 0.429100 423 1.000000 0.000000 1.000000 1.000000 0.952677 0.016311 0.953449
1 680.000000 8569 0.421900 426 1.000000 0.000000 1.000000 1.000000 0.952467 0.016374 0.953245
1 700.000000 10 0.434900 433 1.000000 0.000000 1.000000 1.000000 0.952410 0.016541 0.953197
1 700.000000 8569 0.431100 432 1.000000 0.000000 1.000000 1.000000 0.952634 0.016554 0.953418
1 720.000000 10 0.438400 436 1.000000 0.000000 1.000000 1.000000 0.953355 0.016255 0.954113
1 720.000000 8569 0.434800 440 1.000000 0.000000 1.000000 1.000000 0.952819 0.016589 0.953602
1 740.000000 10 0.442600 451 1.000000 0.000000 1.000000 1.000000 0.952119 0.016704 0.952919
1 740.000000 8569 0.439600 449 1.000000 0.000000 1.000000 1.000000 0.952982 0.016476 0.953757
1 760.000000 10 0.456200 457 1.000000 0.000000 1.000000 1.000000 0.954207 0.016244 0.954951
1 760.000000 8569 0.450200 454 1.000000 0.000000 1.000000 1.000000 0.953996 0.016242 0.954743
1 780.000000 10 0.456000 458 1.000000 0.000000 1.000000 1.000000 0.953628 0.016398 0.954388
1 780.000000 8569 0.453400 459 1.000000 0.000000 1.000000 1.000000 0.953357 0.016644 0.954134
1 800.000000 10 0.460500 467 1.000000 0.000000 1.000000 1.000000 0.953503 0.016572 0.954274
1 800.000000 8569 0.457600 466 1.000000 0.000000 1.000000 1.000000 0.953593 0.016605 0.954364
1 820.000000 10 0.466900 465 1.000000 0.000000 1.000000 1.000000 0.954784 0.016211 0.955517
1 820.000000 8569 0.465500 468 1.000000 0.000000 1.000000 1.000000 0.953757 0.016704 0.954529
1 840.000000 10 0.472300 473 1.000000 0.000000 1.000000 1.000000 0.954206 0.016451 0.954959
1 840.000000 8569 0.468900 478 1.000000 0.000000 1.000000 1.000000 0.953948 0.016548 0.954710
1 860.000000 10 0.475500 478 1.000000 0.000000 1.000000 1.000000 0.954996 0.016174 0.955724
1 860.000000 8569 0.470500 479 1.000000 0.000000 1.000000 1.000000 0.953991 0.016661 0.954758
1 880.000000 10 0.482200 488 1.000000 0.000000 1.000000 1.000000 0.955025 0.016293 0.955758
1 880.000000 8569 0.481900 489 1.000000 0.000000 1.000000 1.000000 0.954477 0.016627 0.955234
1 900.000000 10 0.489100 489 1.000000 0.000000 1.000000 1.000000 0.955280 0.016220 0.956005
1 900.000000 8569 0.486100 493 1.000000 0.000000 1.000000 1.000000 0.954972 0.016400 0.955711
1 920.000000 10 0.492200 495 1.000000 0.000000 1.000000 1.000000 0.956222 0.016046 0.956924
1 920.000000 8569 0.490500 500 1.000000 0.000000 1.000000 1.000000 0.954361 0.016790 0.955127
1 940.000000 10 0.498400 504 1.000000 0.000000 1.000000 1.000000 0.955562 0.016244 0.956284
1 940.000000 8569 0.494400 506 1.000000 0.000000 1.000000 1.000000 0.953984 0.016871 0.954760
1 960.000000 10 0.505600 502 1.000000 0.000000 1.000000 1.000000 0.955330 0.016473 0.956066
1 960.000000 8569 0.499300 510 1.000000 0.000000 1.000000 1.000000 0.955376 0.016494 0.956112
1 980.000000 10 0.501000 518 1.000000 0.000000 1.000000 1.000000 0.955661 0.016313 0.956384
1 980.000000 8569 0.500800 525 1.000000 0.000000 1.000000 1.000000 0.955422 0.016461 0.956156
1 1000.000000 10 0.511600 515 1.000000 0.000000 1.000000 1.000000 0.955739 0.016360 0.956463
1 1000.000000 8569 0.503200 529 1.000000 0.000000 1.000000 1.000000 0.956085 0.016398 0.956805
4 80.000000 10 0.000000 110 1.000000 0.000000 1.000000 1.000000 1.000000 -0.116596 1.000000
4 80.000000 8569 0.000000 111 1.000000 0.000000 1.000000 1.000000 1.000000 -0.167378 1.000000
4 160.000000 10 0.000000 191 1.000000 0.000000 1.000000 1.000000 1.000000 -0.774603 1.000000
4 160.000000 8569 0.000000 204 1.000000 0.000000 1.000000 1.000000 1.000000 -0.885470 1.000000
4 240.000000 10 0.000000 281 1.000000 0.000000 1.000000 1.000000 1.000000 -0.990632 1.000000
4 240.000000 8569 0.000000 293 1.000000 0.000000 1.000000 1.000000 1.000000 -0.902097 1.000000
4 320.000000 10 0.000000 372 1.000000 0.000000 1.000000 1.000000 1.000000 -1.012738 1.000000
4 320.000000 8569 0.000000 374 1.000000 0.000000 1.000000 1.000000 1.000000 -0.857575 1.000000
4 400.000000 10 0.000900 452 1.000000 0.000000 1.000000 1.000000 1.000000 -0.814814 1.000000
4 400.000000 8569 0.000100 449 1.000000 0.000000 1.000000 1.000000 1.000000 -0.971014 1.000000
4 480.000000 10 0.006100 530 1.000000 0.000000 1.000000 1.000000 1.000000 -0.885375 1.000000
4 480.000000 8569 0.005900 525 1.000000 0.000000 1.000000 1.000000 1.000000 -1.013273 1.000000
4 560.000000 10 0.017900 612 1.000000 0.000000 1.000000 1.000000 1.000000 -0.951922 1.000000
4 560.000000 8569 0.018800 598 1.000000 0.000000 1.000000 1.000000 1.000000 -0.767122 1.000000
4 640.000000 10 0.038600 672 1.000000 0.000000 1.000000 1.000000 1.000000 -0.747524 1.000000
4 640.000000 8569 0.035900 668 1.000000 0.000000 1.000000 1.000000 1.000000 -0.811223 1.000000
4 720.000000 10 0.058600 729 1.000000 0.000000 1.000000 1.000000 1.000000 -0.740932 1.000000
4 720.000000 8569 0.055000 729 1.000000 0.000000 1.000000 1.000000 1.000000 -0.857922 1.000000
4 800.000000 10 0.077900 786 1.000000 0.000000 1.000000 1.000000 1.000000 -0.912279 1.000000
4 800.000000 8569 0.078100 791 1.000000 0.000000 1.000000 1.000000 1.000000 -0.739644 1.000000
4 880.000000 10 0.098500 840 1.000000 0.000000 1.000000 1.000000 1.000000 -0.928570 1.000000
4 880.000000 8569 0.094900 842 1.000000 0.000000 1.000000 1.000000 1.000000 -0.894409 1.000000
4 960.000000 10 0.116700 897 1.000000 0.000000 1.000000 1.000000 1.000000 -0.867548 1.000000
4 960.000000 8569 0.112900 884 1.000000 0.000000 1.000000 1.000000 1.000000 -0.933773 1.000000
4 1040.000000 10 0.132600 945 1.000000 0.000000 1.000000 1.000000 1.000000 -0.979590 1.000000
4 1040.000000 8569 0.132500 935 1.000000 0.000000 1.000000 1.000000 1.000000 -1.071427 1.000000
4 1120.000000 10 0.148500 989 1.000000 0.000000 1.000000 1.000000 1.000000 -1.115940 1.000000
4 1120.000000 8569 0.148600 983 1.000000 0.000000 1.000000 1.000000 1.000000 -0.744524 1.000000
4 1200.000000 10 0.167500 1032 1.000000 0.000000 1.000000 1.000000 1.000000 -0.901407 1.000000
4 1200.000000 8569 0.162700 1027 1.000000 0.000000 1.000000 1.000000 1.000000 -0.805969 1.000000
4 1280.000000 10 0.182400 1081 1.000000 0.000000 1.000000 1.000000 1.000000 -1.016947 1.000000
4 1280.000000 8569 0.178900 1072 1.000000 0.000000 1.000000 1.000000 1.000000 -0.837208 1.000000
4 1360.000000 10 0.195700 1120 1.000000 0.000000 1.000000 1.000000 1.000000 -1.166664 1.000000
4 1360.000000 8569 0.187500 1106 1.000000 0.000000 1.000000 1.000000 1.000000 -0.772356 1.000000
4 1440.000000 10 0.209300 1164 1.000000 0.000000 1.000000 1.000000 1.000000 -0.766665 1.000000
4 1440.000000 8569 0.204400 1152 1.000000 0.000000 1.000000 1.000000 1.000000 -0.774192 1.000000
4 1520.000000 10 0.219900 1209 1.000000 0.000000 1.000000 1.000000 1.000000 -0.917429 1.000000
4 1520.000000 8569 0.216900 1193 1.000000 0.000000 1.000000 1.000000 1.000000 -0.688888 1.000000
4 1600.000000 10 0.228000 1236 1.000000 0.000000 1.000000 1.000000 1.000000 -0.733332 1.000000
4 1600.000000 8569 0.223200 1224 1.000000 0.000000 1.000000 1.000000 1.000000 -0.905658 1.000000
4 1680.000000 10 0.242000 1269 1.000000 0.000000 1.000000 1.000000 1.000000 -1.009707 1.000000
4 1680.000000 8569 0.235400 1268 1.000000 0.000000 1.000000 1.000000 1.000000 -0.898146 1.000000
4 1760.000000 10 0.253600 1304 1.000000 0.000000 1.000000 1.000000 1.000000 -0.906248 1.000000
4 1760.000000 8569 0.246200 1302 1.000000 0.000000 1.000000 1.000000 1.000000 -0.727999 1.000000
4 1840.000000 10 0.263700 1333 1.000000 0.000000 1.000000 1.000000 1.000000 -0.929291 1.000000
4 1840.000000 8569 0.257400 1346 1.000000 0.000000 1.000000 1.000000 1.000000 -0.819046 1.000000
4 1920.000000 10 0.273200 1370 1.000000 0.000000 1.000000 1.000000 1.000000 -0.894735 1.000000
4 1920.000000 8569 0.264300 1377 1.000000 0.000000 1.000000 1.000000 1.000000 -0.637167 1.000000
4 2000.000000 10 0.283000 1401 1.000000 0.000000 1.000000 1.000000 1.000000 -0.781248 1.000000
4 2000.000000 8569 0.277800 1415 1.000000 0.000000 1.000000 1.000000 1.000000 -0.826921 1.000000
4 2080.000000 10 0.289700 1443 1.000000 0.000000 1.000000 1.000000 1.000000 -0.959998 1.000000
4 2080.000000 8569 0.286400 1434 1.000000 0.000000 1.000000 1.000000 1.000000 -0.858584 1.000000
4 2160.000000 10 0.302000 1462 1.000000 0.000000 1.000000 1.000000 1.000000 -0.599999 1.000000
4 2160.000000 8569 0.293400 1470 1.000000 0.000000 1.000000 1.000000 1.000000 -0.812498 1.000000
4 2240.000000 10 0.306800 1496 1.000000 0.000000 1.000000 1.000000 1.000000 -0.987949 1.000000
4 2240.000000 8569 0.301400 1498 1.000000 0.000000 1.000000 1.000000 1.000000 -0.809522 1.000000
4 2320.000000 10 0.315000 1517 1.000000 0.000000 1.000000 1.000000 1.000000 -0.913976 1.000000
4 2320.000000 8569 0.310000 1520 1.000000 0.000000 1.000000 1.000000 1.000000 -0.760415 1.000000
4 2400.000000 10 0.326000 1546 1.000000 0.000000 1.000000 1.000000 1.000000 -0.912086 1.000000
4 2400.000000 8569 0.316700 1543 1.000000 0.000000 1.000000 1.000000 1.000000 -0.880433 1.000000
4 2480.000000 10 0.332400 1576 1.000000 0.000000 1.000000 1.000000 1.000000 -0.739582 1.000000
4 2480.000000 8569 0.328700 1592 1.000000 0.000000 1.000000 1.000000 1.000000 -0.737372 1.000000
4 2560.000000 10 0.338300 1608 1.000000 0.000000 1.000000 1.000000 1.000000 -1.024388 1.000000
4 2560.000000 8569 0.333200 1603 1.000000 0.000000 1.000000 1.000000 1.000000 -0.784089 1.000000
4 2640.000000 10 0.344400 1635 1.000000 0.000000 1.000000 1.000000 1.000000 -0.813952 1.000000
4 2640.000000 8569 0.338000 1630 1.000000 0.000000 1.000000 1.000000 1.000000 -0.786515 1.000000
4 2720.000000 10 0.352700 1658 1.000000 0.000000 1.000000 1.000000 1.000000 -0.962498 1.000000
4 2720.000000 8569 0.347300 1667 1.000000 0.000000 1.000000 1.000000 1.000000 -0.931816 1.000000
4 2800.000000 10 0.356800 1691 1.000000 0.000000 1.000000 1.000000 1.000000 -0.736262 1.000000
4 2800.000000 8569 0.348600 1692 1.000000 0.000000 1.000000 1.000000 1.000000 -0.811109 1.000000
4 2880.000000 10 0.368200 1721 1.000000 0.000000 1.000000 1.000000 1.000000 -0.845236 1.000000
4 2880.000000 8569 0.358600 1722 1.000000 0.000000 1.000000 1.000000 1.000000 -0.734175 1.000000
4 2960.000000 10 0.370000 1727 1.000000 0.000000 1.000000 1.000000 1.000000 -0.902437 1.000000
4 2960.000000 8569 0.366300 1728 1.000000 0.000000 1.000000 1.000000 1.000000 -0.641303 1.000000
4 3040.000000 10 0.373900 1760 1.000000 0.000000 1.000000 1.000000 1.000000 -0.735630 1.000000
4 3040.000000 8569 0.368900 1767 1.000000 0.000000 1.000000 1.000000 1.000000 -0.795179 1.000000
4 3120.000000 10 0.383300 1778 1.000000 0.000000 1.000000 1.000000 1.000000 -1.057140 1.000000
4 3120.000000 8569 0.371600 1794 1.000000 0.000000 1.000000 1.000000 1.000000 -0.870586 1.000000
4 3200.000000 10 0.388100 1795 1.000000 0.000000 1.000000 1.000000 1.000000 -1.119400 1.000000
4 3200.000000 8569 0.379800 1816 1.000000 0.000000 1.000000 1.000000 1.000000 -0.756096 1.000000
4 3280.000000 8569 0.386700 1822 1.000000 0.000000 1.000000 1.000000 1.000000 -0.813952 1.000000
4 3280.000000 10 0.396500 1804 1.000000 0.000000 1.000000 1.000000 1.000000 -0.952379 1.000000
4 3360.000000 10 0.396700 1823 1.000000 0.000000 1.000000 1.000000 1.000000 -0.943659 1.000000
4 3360.000000 8569 0.389300 1861 1.000000 0.000000 1.000000 1.000000 1.000000 -0.752939 1.000000
4 3440.000000 10 0.400800 1845 1.000000 0.000000 1.000000 1.000000 1.000000 -0.906664 1.000000
4 3440.000000 8569 0.390600 1862 1.000000 0.000000 1.000000 1.000000 1.000000 -0.807227 1.000000
4 3520.000000 10 0.406600 1860 1.000000 0.000000 1.000000 1.000000 1.000000 -0.888887 1.000000
4 3520.000000 8569 0.400600 1890 1.000000 0.000000 1.000000 1.000000 1.000000 -0.914283 1.000000
4 3600.000000 10 0.408500 1888 1.000000 0.000000 1.000000 1.000000 1.000000 -0.917806 1.000000
4 3600.000000 8569 0.403900 1909 1.000000 0.000000 1.000000 1.000000 1.000000 -0.794870 1.000000
4 3680.000000 10 0.414000 1891 1.000000 0.000000 1.000000 1.000000 1.000000 -0.712498 1.000000
4 3680.000000 8569 0.411500 1923 1.000000 0.000000 1.000000 1.000000 1.000000 -0.701297 1.000000
4 3760.000000 10 0.415800 1908 1.000000 0.000000 1.000000 1.000000 1.000000 -0.863011 1.000000
4 3760.000000 8569 0.413300 1929 1.000000 0.000000 1.000000 1.000000 1.000000 -0.642856 1.000000
4 3840.000000 10 0.423200 1930 1.000000 0.000000 1.000000 1.000000 1.000000 -1.046151 1.000000
4 3840.000000 8569 0.418000 1955 1.000000 0.000000 1.000000 1.000000 1.000000 -0.840577 1.000000
4 3920.000000 10 0.431000 1941 1.000000 0.000000 1.000000 1.000000 1.000000 -0.828569 1.000000
4 3920.000000 8569 0.424900 1970 1.000000 0.000000 1.000000 1.000000 1.000000 -0.733331 1.000000
4 4000.000000 10 0.433300 1942 1.000000 0.000000 1.000000 1.000000 1.000000 -1.080642 1.000000
4 4000.000000 8569 0.428000 1995 1.000000 0.000000 1.000000 1.000000 1.000000 -0.687498 1.000000
7 140.000000 10 0.000000 176 1.000000 0.000000 1.000000 1.000000 1.000000 -0.104742 1.000000
7 140.000000 8569 0.000000 182 1.000000 0.000000 1.000000 1.000000 1.000000 -0.074022 1.000000
7 280.000000 10 0.000000 328 1.000000 0.000000 1.000000 1.000000 1.000000 -0.079235 1.000000
7 280.000000 8569 0.000000 336 1.000000 0.000000 1.000000 1.000000 1.000000 -0.055605 1.000000
7 420.000000 10 0.000000 470 1.000000 0.000000 1.000000 1.000000 1.000000 -0.119867 1.000000
7 420.000000 8569 0.000000 468 1.000000 0.000000 1.000000 1.000000 1.000000 -0.035126 1.000000
7 560.000000 10 0.000000 629 1.000000 0.000000 1.000000 1.000000 1.000000 -0.189258 1.000000
7 560.000000 8569 0.000000 606 1.000000 0.000000 1.000000 1.000000 1.000000 -0.216898 1.000000
7 700.000000 10 0.000000 773 1.000000 0.000000 1.000000 1.000000 1.000000 -0.246223 1.000000
7 700.000000 8569 0.000000 758 1.000000 0.000000 1.000000 1.000000 1.000000 -0.223101 1.000000
7 840.000000 10 0.000800 913 1.000000 0.000000 1.000000 1.000000 1.000000 -0.267730 1.000000
7 840.000000 8569 0.000000 900 1.000000 0.000000 1.000000 1.000000 1.000000 -0.207477 1.000000
7 980.000000 10 0.007400 1046 1.000000 0.000000 1.000000 1.000000 1.000000 -0.246888 1.000000
7 980.000000 8569 0.005200 1037 1.000000 0.000000 1.000000 1.000000 1.000000 -0.249458 1.000000
7 1120.000000 10 0.019100 1163 1.000000 0.000000 1.000000 1.000000 1.000000 -0.294253 1.000000
7 1120.000000 8569 0.018500 1144 1.000000 0.000000 1.000000 1.000000 1.000000 -0.195171 1.000000
7 1260.000000 10 0.034800 1270 1.000000 0.000000 1.000000 1.000000 1.000000 -0.284689 1.000000
7 1260.000000 8569 0.036400 1244 1.000000 0.000000 1.000000 1.000000 1.000000 -0.256180 1.000000
7 1400.000000 10 0.052600 1371 1.000000 0.000000 1.000000 1.000000 1.000000 -0.259640 1.000000
7 1400.000000 8569 0.053000 1346 1.000000 0.000000 1.000000 1.000000 1.000000 -0.236144 1.000000
7 1540.000000 10 0.066500 1471 1.000000 0.000000 1.000000 1.000000 1.000000 -0.261905 1.000000
7 1540.000000 8569 0.071900 1448 1.000000 0.000000 1.000000 1.000000 1.000000 -0.257069 1.000000
7 1680.000000 10 0.086000 1557 1.000000 0.000000 1.000000 1.000000 1.000000 -0.292479 1.000000
7 1680.000000 8569 0.087200 1527 1.000000 0.000000 1.000000 1.000000 1.000000 -0.212276 1.000000
7 1820.000000 10 0.103300 1642 1.000000 0.000000 1.000000 1.000000 1.000000 -0.182584 1.000000
7 1820.000000 8569 0.102400 1632 1.000000 0.000000 1.000000 1.000000 1.000000 -0.223496 1.000000
7 1960.000000 10 0.117400 1718 1.000000 0.000000 1.000000 1.000000 1.000000 -0.239616 1.000000
7 1960.000000 8569 0.117700 1696 1.000000 0.000000 1.000000 1.000000 1.000000 -0.227545 1.000000
7 2100.000000 10 0.134900 1799 1.000000 0.000000 1.000000 1.000000 1.000000 -0.290000 1.000000
7 2100.000000 8569 0.130900 1769 1.000000 0.000000 1.000000 1.000000 1.000000 -0.256716 1.000000
7 2240.000000 10 0.145700 1864 1.000000 0.000000 1.000000 1.000000 1.000000 -0.288461 1.000000
7 2240.000000 8569 0.144600 1849 1.000000 0.000000 1.000000 1.000000 1.000000 -0.205438 1.000000
7 2380.000000 10 0.158700 1933 1.000000 0.000000 1.000000 1.000000 1.000000 -0.184953 1.000000
7 2380.000000 8569 0.156700 1903 1.000000 0.000000 1.000000 1.000000 1.000000 -0.280702 1.000000
7 2520.000000 10 0.170500 2014 1.000000 0.000000 1.000000 1.000000 1.000000 -0.260726 1.000000
7 2520.000000 8569 0.170000 1981 1.000000 0.000000 1.000000 1.000000 1.000000 -0.204620 1.000000
7 2660.000000 10 0.185300 2080 1.000000 0.000000 1.000000 1.000000 1.000000 -0.262295 1.000000
7 2660.000000 8569 0.179100 2064 1.000000 0.000000 1.000000 1.000000 1.000000 -0.224561 1.000000
7 2800.000000 10 0.191300 2155 1.000000 0.000000 1.000000 1.000000 1.000000 -0.318518 1.000000
7 2800.000000 8569 0.191600 2122 1.000000 0.000000 1.000000 1.000000 1.000000 -0.226277 1.000000
7 2940.000000 10 0.206600 2213 1.000000 0.000000 1.000000 1.000000 1.000000 -0.234615 1.000000
7 2940.000000 8569 0.200700 2182 1.000000 0.000000 1.000000 1.000000 1.000000 -0.284697 1.000000
7 3080.000000 10 0.214600 2238 1.000000 0.000000 1.000000 1.000000 1.000000 -0.227273 1.000000
7 3080.000000 8569 0.207200 2227 1.000000 0.000000 1.000000 1.000000 1.000000 -0.269896 1.000000
7 3220.000000 10 0.222400 2314 1.000000 0.000000 1.000000 1.000000 1.000000 -0.374045 1.000000
7 3220.000000 8569 0.223600 2300 1.000000 0.000000 1.000000 1.000000 1.000000 -0.177305 1.000000
7 3360.000000 10 0.231900 2344 1.000000 0.000000 1.000000 1.000000 1.000000 -0.322449 1.000000
7 3360.000000 8569 0.227900 2328 1.000000 0.000000 1.000000 1.000000 1.000000 -0.270270 1.000000
7 3500.000000 10 0.244000 2396 1.000000 0.000000 1.000000 1.000000 1.000000 -0.318548 1.000000
7 3500.000000 8569 0.237900 2379 1.000000 0.000000 1.000000 1.000000 1.000000 -0.211382 1.000000
7 3640.000000 10 0.251700 2442 1.000000 0.000000 1.000000 1.000000 1.000000 -0.290749 1.000000
7 3640.000000 8569 0.245900 2434 1.000000 0.000000 1.000000 1.000000 1.000000 -0.294606 1.000000
7 3780.000000 10 0.256800 2468 1.000000 0.000000 1.000000 1.000000 1.000000 -0.325103 1.000000
7 3780.000000 8569 0.255300 2490 1.000000 0.000000 1.000000 1.000000 1.000000 -0.266094 1.000000
7 3920.000000 10 0.267300 2513 1.000000 0.000000 1.000000 1.000000 1.000000 -0.243028 1.000000
7 3920.000000 8569 0.263200 2535 1.000000 0.000000 1.000000 1.000000 1.000000 -0.267281 1.000000
7 4060.000000 10 0.275000 2560 1.000000 0.000000 1.000000 1.000000 1.000000 -0.318965 1.000000
7 4060.000000 8569 0.271600 2563 1.000000 0.000000 1.000000 1.000000 1.000000 -0.253164 1.000000
7 4200.000000 10 0.281900 2579 1.000000 0.000000 1.000000 1.000000 1.000000 -0.284519 1.000000
7 4200.000000 8569 0.278500 2625 1.000000 0.000000 1.000000 1.000000 1.000000 -0.236842 1.000000
7 4340.000000 10 0.288100 2633 1.000000 0.000000 1.000000 1.000000 1.000000 -0.296460 1.000000
7 4340.000000 8569 0.285300 2634 1.000000 0.000000 1.000000 1.000000 1.000000 -0.240343 1.000000
7 4480.000000 10 0.290300 2636 1.000000 0.000000 1.000000 1.000000 1.000000 -0.250000 1.000000
7 4480.000000 8569 0.289800 2693 1.000000 0.000000 1.000000 1.000000 1.000000 -0.319047 1.000000
7 4620.000000 10 0.299300 2673 1.000000 0.000000 1.000000 1.000000 1.000000 -0.226891 1.000000
7 4620.000000 8569 0.299400 2721 1.000000 0.000000 1.000000 1.000000 1.000000 -0.211207 1.000000
7 4760.000000 10 0.308600 2703 1.000000 0.000000 1.000000 1.000000 1.000000 -0.241379 1.000000
7 4760.000000 8569 0.304300 2760 1.000000 0.000000 1.000000 1.000000 1.000000 -0.254717 1.000000
7 4900.000000 10 0.313100 2732 1.000000 0.000000 1.000000 1.000000 1.000000 -0.286343 1.000000
7 4900.000000 8569 0.309300 2788 1.000000 0.000000 1.000000 1.000000 1.000000 -0.292683 1.000000
7 5040.000000 10 0.314900 2796 1.000000 0.000000 1.000000 1.000000 1.000000 -0.199074 1.000000
7 5040.000000 8569 0.312700 2819 1.000000 0.000000 1.000000 1.000000 1.000000 -0.308057 1.000000
7 5180.000000 10 0.322400 2817 1.000000 0.000000 1.000000 1.000000 1.000000 -0.231132 1.000000
7 5180.000000 8569 0.319100 2851 1.000000 0.000000 1.000000 1.000000 1.000000 -0.248908 1.000000
7 5320.000000 10 0.328000 2844 1.000000 0.000000 1.000000 1.000000 1.000000 -0.284360 1.000000
7 5320.000000 8569 0.327800 2886 1.000000 0.000000 1.000000 1.000000 1.000000 -0.215517 1.000000
7 5460.000000 10 0.335000 2881 1.000000 0.000000 1.000000 1.000000 1.000000 -0.338028 1.000000
7 5460.000000 8569 0.334900 2875 1.000000 0.000000 1.000000 1.000000 1.000000 -0.191387 1.000000
7 5600.000000 10 0.340300 2891 1.000000 0.000000 1.000000 1.000000 1.000000 -0.232227 1.000000
7 5600.000000 8569 0.339300 2900 1.000000 0.000000 1.000000 1.000000 1.000000 -0.183098 1.000000
7 5740.000000 10 0.345300 2918 1.000000 0.000000 1.000000 1.000000 1.000000 -0.247619 1.000000
7 5740.000000 8569 0.346700 2921 1.000000 0.000000 1.000000 1.000000 1.000000 -0.200980 1.000000
7 5880.000000 10 0.348800 2950 1.000000 0.000000 1.000000 1.000000 1.000000 -0.247706 1.000000
7 5880.000000 8569 0.348700 2952 1.000000 0.000000 1.000000 1.000000 1.000000 -0.194737 1.000000
7 6020.000000 10 0.354400 2969 1.000000 0.000000 1.000000 1.000000 1.000000 -0.295774 1.000000
7 6020.000000 8569 0.351100 2978 1.000000 0.000000 1.000000 1.000000 1.000000 -0.242105 1.000000
7 6160.000000 10 0.362000 2984 1.000000 0.000000 1.000000 1.000000 1.000000 -0.306532 1.000000
7 6160.000000 8569 0.356900 2988 1.000000 0.000000 1.000000 1.000000 1.000000 -0.246154 1.000000
7 6300.000000 10 0.364300 3018 1.000000 0.000000 1.000000 1.000000 1.000000 -0.280000 1.000000
7 6300.000000 8569 0.361900 3001 1.000000 0.000000 1.000000 1.000000 1.000000 -0.291005 1.000000
7 6440.000000 10 0.364800 3020 1.000000 0.000000 1.000000 1.000000 1.000000 -0.336956 1.000000
7 6440.000000 8569 0.366300 3021 1.000000 0.000000 1.000000 1.000000 1.000000 -0.239796 1.000000
7 6580.000000 10 0.372300 3035 1.000000 0.000000 1.000000 1.000000 1.000000 -0.226601 1.000000
7 6580.000000 8569 0.371100 3050 1.000000 0.000000 1.000000 1.000000 1.000000 -0.215000 1.000000
7 6720.000000 10 0.370100 3054 1.000000 0.000000 1.000000 1.000000 1.000000 -0.277487 1.000000
7 6720.000000 8569 0.375500 3060 1.000000 0.000000 1.000000 1.000000 1.000000 -0.285714 1.000000
7 6860.000000 10 0.378400 3081 1.000000 0.000000 1.000000 1.000000 1.000000 -0.273170 1.000000
7 6860.000000 8569 0.382500 3065 1.000000 0.000000 1.000000 1.000000 1.000000 -0.221105 1.000000
7 7000.000000 10 0.381900 3092 1.000000 0.000000 1.000000 1.000000 1.000000 -0.233009 1.000000
7 7000.000000 8569 0.382100 3090 1.000000 0.000000 1.000000 1.000000 1.000000 -0.255319 1.000000
